&ATOM  
 Z  =   18
 ZV =    8
 XC = 1100        .666667
 TYPE = NORMCONSERVING BHS
&END   
&INFO  
    ============================================================
    |    ARGON SGS PSEUDOPOTENTIAL                             |
    ============================================================
&END  
&POTENTIAL
    BHS
              1.3617    3.9900    -.3617    1.5900
              4.6800      -54635.4228674       10591.9107703
              5.2400       40196.9144647       29915.8413606
              6.2000       14461.5386457        4034.9517942
              2.7100         -98.7417467          30.5533486
              3.9300          25.9928202         216.6269767
              6.0800          86.2320416          77.7207517
              4.5200       73575.7160871      -17970.6001859
              5.5100     1090333.4924377     -347585.5256043
              5.9400    -1163902.7555288     -207787.3931917
&END 
&WAVEFUNCTION
       256      1.050000045
        .5555555E-03        .2001478E-03        .3710323E-06
        .5833333E-03        .2101552E-03        .4090631E-06
        .6124999E-03        .2206629E-03        .4509920E-06
        .6431249E-03        .2316961E-03        .4972187E-06
        .6752811E-03        .2432808E-03        .5481836E-06
        .7090451E-03        .2554449E-03        .6043725E-06
        .7444974E-03        .2682171E-03        .6663208E-06
        .7817222E-03        .2816280E-03        .7346188E-06
        .8208083E-03        .2957094E-03        .8099173E-06
        .8618486E-03        .3104949E-03        .8929339E-06
        .9049410E-03        .3260197E-03        .9844598E-06
        .9501880E-03        .3423207E-03        .1085367E-05
        .9976974E-03        .3594368E-03        .1196617E-05
        .1047582E-02        .3774088E-03        .1319271E-05
        .1099961E-02        .3962793E-03        .1454496E-05
        .1154959E-02        .4160934E-03        .1603582E-05
        .1212707E-02        .4368982E-03        .1767949E-05
        .1273342E-02        .4587433E-03        .1949164E-05
        .1337010E-02        .4816806E-03        .2148954E-05
        .1403860E-02        .5057649E-03        .2369222E-05
        .1474053E-02        .5310534E-03        .2612068E-05
        .1547755E-02        .5576064E-03        .2879805E-05
        .1625143E-02        .5854871E-03        .3174985E-05
        .1706400E-02        .6147619E-03        .3500421E-05
        .1791720E-02        .6455006E-03        .3859215E-05
        .1881306E-02        .6777762E-03        .4254784E-05
        .1975371E-02        .7116658E-03        .4690900E-05
        .2074140E-02        .7472499E-03        .5171718E-05
        .2177847E-02        .7846134E-03        .5701819E-05
        .2286739E-02        .8238452E-03        .6286256E-05
        .2401076E-02        .8650389E-03        .6930597E-05
        .2521129E-02        .9082924E-03        .7640983E-05
        .2647186E-02        .9537088E-03        .8424184E-05
        .2779545E-02        .1001396E-02        .9287663E-05
        .2918522E-02        .1051469E-02        .1023965E-04
        .3064448E-02        .1104045E-02        .1128921E-04
        .3217670E-02        .1159251E-02        .1244635E-04
        .3378554E-02        .1217217E-02        .1372211E-04
        .3547481E-02        .1278082E-02        .1512862E-04
        .3724855E-02        .1341992E-02        .1667930E-04
        .3911098E-02        .1409097E-02        .1838893E-04
        .4106652E-02        .1479559E-02        .2027379E-04
        .4311985E-02        .1553545E-02        .2235185E-04
        .4527584E-02        .1631232E-02        .2464291E-04
        .4753963E-02        .1712804E-02        .2716880E-04
        .4991661E-02        .1798457E-02        .2995359E-04
        .5241243E-02        .1888394E-02        .3302382E-04
        .5503305E-02        .1982831E-02        .3640875E-04
        .5778470E-02        .2081992E-02        .4014063E-04
        .6067394E-02        .2186114E-02        .4425502E-04
        .6370763E-02        .2295446E-02        .4879113E-04
        .6689301E-02        .2410249E-02        .5379218E-04
        .7023766E-02        .2530796E-02        .5930584E-04
        .7374954E-02        .2657377E-02        .6538463E-04
        .7743701E-02        .2790293E-02        .7208649E-04
        .8130886E-02        .2929862E-02        .7947528E-04
        .8537429E-02        .3076418E-02        .8762139E-04
        .8964301E-02        .3230312E-02        .9660246E-04
        .9412515E-02        .3391913E-02        .1065041E-03
        .9883140E-02        .3561607E-02        .1174205E-03
        .1037730E-01        .3739801E-02        .1294559E-03
        .1089616E-01        .3926922E-02        .1427249E-03
        .1144097E-01        .4123421E-02        .1573538E-03
        .1201302E-01        .4329768E-02        .1734822E-03
        .1261367E-01        .4546460E-02        .1912636E-03
        .1324435E-01        .4774020E-02        .2108675E-03
        .1390657E-01        .5012994E-02        .2324807E-03
        .1460189E-01        .5263961E-02        .2563090E-03
        .1533199E-01        .5527526E-02        .2825796E-03
        .1609859E-01        .5804326E-02        .3115426E-03
        .1690352E-01        .6095034E-02        .3434740E-03
        .1774869E-01        .6400355E-02        .3786781E-03
        .1863612E-01        .6721031E-02        .4174901E-03
        .1956793E-01        .7057845E-02        .4602799E-03
        .2054633E-01        .7411620E-02        .5074549E-03
        .2157364E-01        .7783223E-02        .5594645E-03
        .2265232E-01        .8173568E-02        .6168042E-03
        .2378494E-01        .8583615E-02        .6800199E-03
        .2497418E-01        .9014382E-02        .7497139E-03
        .2622289E-01        .9466936E-02        .8265498E-03
        .2753403E-01        .9942408E-02        .9112591E-03
        .2891073E-01        .1044199E-01        .1004649E-02
        .3035627E-01        .1096693E-01        .1107607E-02
        .3187408E-01        .1151858E-01        .1221116E-02
        .3346778E-01        .1209832E-01        .1346254E-02
        .3514117E-01        .1270765E-01        .1484213E-02
        .3689823E-01        .1334815E-01        .1636306E-02
        .3874314E-01        .1402148E-01        .1803980E-02
        .4068029E-01        .1472940E-01        .1988830E-02
        .4271431E-01        .1547381E-01        .2192615E-02
        .4485002E-01        .1625668E-01        .2417272E-02
        .4709252E-01        .1708014E-01        .2664939E-02
        .4944714E-01        .1794645E-01        .2937969E-02
        .5191950E-01        .1885802E-01        .3238957E-02
        .5451547E-01        .1981741E-01        .3570762E-02
        .5724124E-01        .2082736E-01        .3936537E-02
        .6010330E-01        .2189082E-01        .4339754E-02
        .6310846E-01        .2301094E-01        .4784241E-02
        .6626388E-01        .2419109E-01        .5274213E-02
        .6957707E-01        .2543491E-01        .5814318E-02
        .7305592E-01        .2674632E-01        .6409673E-02
        .7670871E-01        .2812956E-01        .7065918E-02
        .8054415E-01        .2958918E-01        .7789265E-02
        .8457135E-01        .3113017E-01        .8586556E-02
        .8879991E-01        .3275789E-01        .9465324E-02
        .9323990E-01        .3447821E-01        .1043387E-01
        .9790189E-01        .3629753E-01        .1150132E-01
        .1027970E+00        .3822284E-01        .1267775E-01
        .1079368E+00        .4026181E-01        .1397421E-01
        .1133337E+00        .4242286E-01        .1540289E-01
        .1190003E+00        .4471525E-01        .1697719E-01
        .1249504E+00        .4714923E-01        .1871186E-01
        .1311979E+00        .4973611E-01        .2062309E-01
        .1377578E+00        .5248844E-01        .2272872E-01
        .1446456E+00        .5542019E-01        .2504830E-01
        .1518779E+00        .5854689E-01        .2760336E-01
        .1594718E+00        .6188589E-01        .3041750E-01
        .1674454E+00        .6545662E-01        .3351660E-01
        .1758176E+00        .6928083E-01        .3692908E-01
        .1846085E+00        .7338298E-01        .4068604E-01
        .1938389E+00        .7779059E-01        .4482154E-01
        .2035309E+00        .8253467E-01        .4937281E-01
        .2137074E+00        .8765027E-01        .5438052E-01
        .2243928E+00        .9317700E-01        .5988902E-01
        .2356124E+00        .9915973E-01        .6594659E-01
        .2473930E+00        .1056493E+00        .7260572E-01
        .2597626E+00        .1127035E+00        .7992326E-01
        .2727508E+00        .1203876E+00        .8796070E-01
        .2863883E+00        .1287762E+00        .9678425E-01
        .3007077E+00        .1379536E+00        .1064650E+00
        .3157431E+00        .1480155E+00        .1170788E+00
        .3315302E+00        .1590701E+00        .1287060E+00
        .3481067E+00        .1712396E+00        .1414316E+00
        .3655120E+00        .1846614E+00        .1553439E+00
        .3837876E+00        .1994889E+00        .1705341E+00
        .4029769E+00        .2158922E+00        .1870949E+00
        .4231258E+00        .2340578E+00        .2051184E+00
        .4442820E+00        .2541867E+00        .2246938E+00
        .4664961E+00        .2764916E+00        .2459043E+00
        .4898209E+00        .3011899E+00        .2688224E+00
        .5143119E+00        .3284944E+00        .2935055E+00
        .5400275E+00        .3585987E+00        .3199887E+00
        .5670288E+00        .3916565E+00        .3482776E+00
        .5953803E+00        .4277550E+00        .3783396E+00
        .6251492E+00        .4668809E+00        .4100933E+00
        .6564067E+00        .5088822E+00        .4433982E+00
        .6892270E+00        .5534270E+00        .4780430E+00
        .7236883E+00        .5999660E+00        .5137353E+00
        .7598727E+00        .6477067E+00        .5500922E+00
        .7978663E+00        .6956082E+00        .5866352E+00
        .8377596E+00        .7424071E+00        .6227902E+00
        .8796475E+00        .7866786E+00        .6578946E+00
        .9236298E+00        .8269320E+00        .6912149E+00
        .9698113E+00        .8617306E+00        .7219747E+00
        .1018302E+01        .8898146E+00        .7493931E+00
        .1069217E+01        .9102045E+00        .7727308E+00
        .1122678E+01        .9222640E+00        .7913395E+00
        .1178811E+01        .9257142E+00        .8047064E+00
        .1237752E+01        .9206030E+00        .8124877E+00
        .1299639E+01        .9072488E+00        .8145246E+00
        .1364621E+01        .8861780E+00        .8108396E+00
        .1432852E+01        .8580718E+00        .8016155E+00
        .1504495E+01        .8237276E+00        .7871637E+00
        .1579720E+01        .7840306E+00        .7678897E+00
        .1658706E+01        .7399284E+00        .7442624E+00
        .1741641E+01        .6924036E+00        .7167904E+00
        .1828723E+01        .6424445E+00        .6860056E+00
        .1920159E+01        .5910154E+00        .6524522E+00
        .2016167E+01        .5390340E+00        .6166772E+00
        .2116975E+01        .4873484E+00        .5792212E+00
        .2222823E+01        .4367228E+00        .5406136E+00
        .2333965E+01        .3878257E+00        .5013614E+00
        .2450663E+01        .3412229E+00        .4619443E+00
        .2573196E+01        .2973733E+00        .4228092E+00
        .2701855E+01        .2566283E+00        .3843654E+00
        .2836948E+01        .2192342E+00        .3469816E+00
        .2978795E+01        .1853364E+00        .3109831E+00
        .3127735E+01        .1549872E+00        .2766499E+00
        .3284121E+01        .1281544E+00        .2442151E+00
        .3448327E+01        .1047322E+00        .2138640E+00
        .3620744E+01        .8455309E-01        .1857341E+00
        .3801781E+01        .6740025E-01        .1599160E+00
        .3991869E+01        .5302046E-01        .1364542E+00
        .4191463E+01        .4113672E-01        .1153499E+00
        .4401036E+01        .3146018E-01        .9656412E-01
        .4621087E+01        .2370095E-01        .8002174E-01
        .4852141E+01        .1757752E-01        .6561619E-01
        .5094748E+01        .1282438E-01        .5321503E-01
        .5349485E+01        .9197864E-02        .4266569E-01
        .5616959E+01        .6480060E-02        .3380155E-01
        .5897807E+01        .4480899E-02        .2644787E-01
        .6192697E+01        .3038648E-02        .2042740E-01
        .6502332E+01        .2019023E-02        .1556559E-01
        .6827448E+01        .1313240E-02        .1169491E-01
        .7168820E+01        .8353392E-03        .8658506E-02
        .7527261E+01        .5190983E-03        .6312845E-02
        .7903623E+01        .3147970E-03        .4529486E-02
        .8298804E+01        .1860827E-03        .3195970E-02
        .8713744E+01        .1070897E-03        .2215933E-02
        .9149431E+01        .5992339E-04        .1508554E-02
        .9606902E+01        .3255829E-04        .1007500E-02
        .1008725E+02        .1715212E-04        .6595007E-03
        .1059161E+02        .8747895E-05        .4227223E-03
        .1112119E+02        .4312392E-05        .2650470E-03
        .1167725E+02        .2051260E-05        .1623867E-03
        .1226111E+02        .9397821E-06        .9710527E-04
        .1287416E+02        .4139119E-06        .5660774E-04
        .1351787E+02        .1748987E-06        .3212891E-04
        .1419376E+02        .7075134E-07        .1773039E-04
        .1490345E+02        .2733865E-07        .9499998E-05
        .1564862E+02        .1006603E-07        .4934674E-05
        .1643105E+02        .3523164E-08        .2481045E-05
        .1725261E+02        .1167568E-08        .1205368E-05
        .1811524E+02        .3641296E-09        .5648661E-06
        .1902100E+02        .0000000E+00        .2548021E-06
        .1997205E+02        .0000000E+00        .1103673E-06
        .2097065E+02        .0000000E+00        .0000000E+00
        .2201918E+02        .0000000E+00        .0000000E+00
        .2312014E+02        .0000000E+00        .0000000E+00
        .2427614E+02        .0000000E+00        .0000000E+00
        .2548995E+02        .0000000E+00        .0000000E+00
        .2676444E+02        .0000000E+00        .0000000E+00
        .2810266E+02        .0000000E+00        .0000000E+00
        .2950780E+02        .0000000E+00        .0000000E+00
        .3098318E+02        .0000000E+00        .0000000E+00
        .3253234E+02        .0000000E+00        .0000000E+00
        .3415896E+02        .0000000E+00        .0000000E+00
        .3586690E+02        .0000000E+00        .0000000E+00
        .3766025E+02        .0000000E+00        .0000000E+00
        .3954326E+02        .0000000E+00        .0000000E+00
        .4152042E+02        .0000000E+00        .0000000E+00
        .4359644E+02        .0000000E+00        .0000000E+00
        .4577626E+02        .0000000E+00        .0000000E+00
        .4806507E+02        .0000000E+00        .0000000E+00
        .5046832E+02        .0000000E+00        .0000000E+00
        .5299173E+02        .0000000E+00        .0000000E+00
        .5564132E+02        .0000000E+00        .0000000E+00
        .5842338E+02        .0000000E+00        .0000000E+00
        .6134455E+02        .0000000E+00        .0000000E+00
        .6441177E+02        .0000000E+00        .0000000E+00
        .6763236E+02        .0000000E+00        .0000000E+00
        .7101397E+02        .0000000E+00        .0000000E+00
        .7456467E+02        .0000000E+00        .0000000E+00
        .7829290E+02        .0000000E+00        .0000000E+00
        .8220754E+02        .0000000E+00        .0000000E+00
        .8631791E+02        .0000000E+00        .0000000E+00
        .9063380E+02        .0000000E+00        .0000000E+00
        .9516549E+02        .0000000E+00        .0000000E+00
        .9992376E+02        .0000000E+00        .0000000E+00
        .1049199E+03        .0000000E+00        .0000000E+00
        .1101659E+03        .0000000E+00        .0000000E+00
        .1156742E+03        .0000000E+00        .0000000E+00
        .1214579E+03        .0000000E+00        .0000000E+00
        .1275308E+03        .0000000E+00        .0000000E+00
        .1339074E+03        .0000000E+00        .0000000E+00
        .1406027E+03        .0000000E+00        .0000000E+00
&END
