&ATOM  
 Z  =   33
 ZV =    5
 XC = 1100        .666667
 TYPE = NORMCONSERVING BHS
&END   
&INFO  
    ============================================================
    |    ARSENIC SGS PSEUDOPOTENTIAL                           |
    ============================================================
&END  
&POTENTIAL
    BHS
              2.5736    2.5400   -1.5736    1.0100
              2.1900     -100340.8175284        8182.7764863
              2.4600      -23279.9676517       41857.3496693
              2.7500      123636.3495642       12923.2998149
              1.7300      -26442.7657835        1642.5373970
              1.9000       24446.9707158        3594.9042293
              2.4400        2008.6288635         346.5415898
              1.6800      -48565.9463185        3666.6280545
              1.9400     -200209.5914587       32228.8768931
              2.0900      248787.3400741       14053.2524874
&END 
&WAVEFUNCTION
       268      1.049999950
        .3030303E-03        .7251165E-04        .2947464E-07
        .3181818E-03        .7613723E-04        .3249579E-07
        .3340909E-03        .7994409E-04        .3582661E-07
        .3507954E-03        .8394129E-04        .3949883E-07
        .3683352E-03        .8813835E-04        .4354747E-07
        .3867519E-03        .9254526E-04        .4801109E-07
        .4060895E-03        .9717252E-04        .5293223E-07
        .4263939E-03        .1020311E-03        .5835779E-07
        .4477136E-03        .1071327E-03        .6433948E-07
        .4700993E-03        .1124893E-03        .7093428E-07
        .4936042E-03        .1181138E-03        .7820506E-07
        .5182844E-03        .1240195E-03        .8622109E-07
        .5441986E-03        .1302205E-03        .9505876E-07
        .5714085E-03        .1367315E-03        .1048023E-06
        .5999789E-03        .1435681E-03        .1155445E-06
        .6299778E-03        .1507465E-03        .1273879E-06
        .6614767E-03        .1582838E-03        .1404452E-06
        .6945505E-03        .1661980E-03        .1548408E-06
        .7292779E-03        .1745079E-03        .1707120E-06
        .7657418E-03        .1832333E-03        .1882100E-06
        .8040289E-03        .1923950E-03        .2075016E-06
        .8442303E-03        .2020147E-03        .2287705E-06
        .8864417E-03        .2121155E-03        .2522195E-06
        .9307638E-03        .2227212E-03        .2780721E-06
        .9773019E-03        .2338573E-03        .3065745E-06
        .1026167E-02        .2455502E-03        .3379984E-06
        .1077475E-02        .2578278E-03        .3726433E-06
        .1131349E-02        .2707192E-03        .4108393E-06
        .1187916E-02        .2842552E-03        .4529504E-06
        .1247312E-02        .2984680E-03        .4993779E-06
        .1309678E-02        .3133914E-03        .5505643E-06
        .1375162E-02        .3290611E-03        .6069972E-06
        .1443920E-02        .3455142E-03        .6692145E-06
        .1516115E-02        .3627900E-03        .7378092E-06
        .1591921E-02        .3809296E-03        .8134347E-06
        .1671517E-02        .3999763E-03        .8968120E-06
        .1755093E-02        .4199752E-03        .9887354E-06
        .1842847E-02        .4409742E-03        .1090081E-05
        .1934990E-02        .4630231E-03        .1201815E-05
        .2031739E-02        .4861745E-03        .1325001E-05
        .2133326E-02        .5104835E-03        .1460814E-05
        .2239992E-02        .5360080E-03        .1610547E-05
        .2351992E-02        .5628088E-03        .1775629E-05
        .2469591E-02        .5909497E-03        .1957632E-05
        .2593071E-02        .6204977E-03        .2158289E-05
        .2722724E-02        .6515232E-03        .2379515E-05
        .2858860E-02        .6841000E-03        .2623416E-05
        .3001803E-02        .7183058E-03        .2892317E-05
        .3151893E-02        .7542221E-03        .3188780E-05
        .3309487E-02        .7919343E-03        .3515632E-05
        .3474962E-02        .8315323E-03        .3875985E-05
        .3648710E-02        .8731104E-03        .4273275E-05
        .3831145E-02        .9167676E-03        .4711288E-05
        .4022702E-02        .9626080E-03        .5194198E-05
        .4223837E-02        .1010741E-02        .5726606E-05
        .4435028E-02        .1061280E-02        .6313586E-05
        .4656780E-02        .1114348E-02        .6960733E-05
        .4889618E-02        .1170069E-02        .7674213E-05
        .5134099E-02        .1228576E-02        .8460826E-05
        .5390804E-02        .1290010E-02        .9328068E-05
        .5660344E-02        .1354516E-02        .1028420E-04
        .5943361E-02        .1422248E-02        .1133834E-04
        .6240528E-02        .1493368E-02        .1250054E-04
        .6552555E-02        .1568045E-02        .1378186E-04
        .6880182E-02        .1646458E-02        .1519451E-04
        .7224191E-02        .1728793E-02        .1675197E-04
        .7585400E-02        .1815246E-02        .1846907E-04
        .7964670E-02        .1906024E-02        .2036218E-04
        .8362903E-02        .2001343E-02        .2244934E-04
        .8781047E-02        .2101432E-02        .2475044E-04
        .9220099E-02        .2206528E-02        .2728742E-04
        .9681104E-02        .2316882E-02        .3008444E-04
        .1016516E-01        .2432759E-02        .3316818E-04
        .1067342E-01        .2554435E-02        .3656801E-04
        .1120709E-01        .2682201E-02        .4031634E-04
        .1176744E-01        .2816362E-02        .4444890E-04
        .1235581E-01        .2957239E-02        .4900508E-04
        .1297360E-01        .3105169E-02        .5402830E-04
        .1362228E-01        .3260507E-02        .5956645E-04
        .1430339E-01        .3423624E-02        .6567231E-04
        .1501856E-01        .3594911E-02        .7240408E-04
        .1576949E-01        .3774779E-02        .7982593E-04
        .1655796E-01        .3963660E-02        .8800861E-04
        .1738586E-01        .4162007E-02        .9703014E-04
        .1825515E-01        .4370298E-02        .1069765E-03
        .1916791E-01        .4589034E-02        .1179425E-03
        .2012631E-01        .4818740E-02        .1300328E-03
        .2113262E-01        .5059973E-02        .1433625E-03
        .2218925E-01        .5313314E-02        .1580589E-03
        .2329871E-01        .5579375E-02        .1742620E-03
        .2446365E-01        .5858802E-02        .1921263E-03
        .2568683E-01        .6152273E-02        .2118222E-03
        .2697117E-01        .6460501E-02        .2335377E-03
        .2831972E-01        .6784237E-02        .2574797E-03
        .2973571E-01        .7124273E-02        .2838768E-03
        .3122249E-01        .7481439E-02        .3129807E-03
        .3278362E-01        .7856615E-02        .3450692E-03
        .3442280E-01        .8250723E-02        .3804485E-03
        .3614393E-01        .8664738E-02        .4194562E-03
        .3795113E-01        .9099687E-02        .4624647E-03
        .3984868E-01        .9556653E-02        .5098846E-03
        .4184112E-01        .1003678E-01        .5621689E-03
        .4393317E-01        .1054128E-01        .6198167E-03
        .4612983E-01        .1107141E-01        .6833790E-03
        .4843632E-01        .1162854E-01        .7534630E-03
        .5085813E-01        .1221409E-01        .8307388E-03
        .5340103E-01        .1282957E-01        .9159451E-03
        .5607108E-01        .1347657E-01        .1009897E-02
        .5887463E-01        .1415679E-01        .1113493E-02
        .6181836E-01        .1487203E-01        .1227726E-02
        .6490928E-01        .1562420E-01        .1353689E-02
        .6815474E-01        .1641533E-01        .1492589E-02
        .7156247E-01        .1724758E-01        .1645758E-02
        .7514059E-01        .1812326E-01        .1814664E-02
        .7889762E-01        .1904481E-01        .2000930E-02
        .8284250E-01        .2001487E-01        .2206344E-02
        .8698462E-01        .2103624E-01        .2432881E-02
        .9133384E-01        .2211193E-01        .2682720E-02
        .9590053E-01        .2324517E-01        .2958268E-02
        .1006956E+00        .2443944E-01        .3262181E-02
        .1057303E+00        .2569846E-01        .3597391E-02
        .1110168E+00        .2702628E-01        .3967138E-02
        .1165677E+00        .2842726E-01        .4374999E-02
        .1223961E+00        .2990612E-01        .4824926E-02
        .1285158E+00        .3146799E-01        .5321284E-02
        .1349416E+00        .3311846E-01        .5868899E-02
        .1416887E+00        .3486360E-01        .6473104E-02
        .1487731E+00        .3671008E-01        .7139793E-02
        .1562118E+00        .3866517E-01        .7875486E-02
        .1640224E+00        .4073688E-01        .8687392E-02
        .1722235E+00        .4293401E-01        .9583488E-02
        .1808346E+00        .4526627E-01        .1057260E-01
        .1898764E+00        .4774442E-01        .1166449E-01
        .1993702E+00        .5038035E-01        .1286998E-01
        .2093387E+00        .5318727E-01        .1420105E-01
        .2198056E+00        .5617992E-01        .1567096E-01
        .2307959E+00        .5937471E-01        .1729440E-01
        .2423357E+00        .6279000E-01        .1908768E-01
        .2544524E+00        .6644632E-01        .2106882E-01
        .2671750E+00        .7036674E-01        .2325786E-01
        .2805338E+00        .7457715E-01        .2567698E-01
        .2945605E+00        .7910669E-01        .2835077E-01
        .3092885E+00        .8398817E-01        .3130650E-01
        .3247529E+00        .8925860E-01        .3457441E-01
        .3409905E+00        .9495971E-01        .3818796E-01
        .3580400E+00        .1011386E+00        .4218427E-01
        .3759420E+00        .1078484E+00        .4660436E-01
        .3947391E+00        .1151490E+00        .5149361E-01
        .4144760E+00        .1231080E+00        .5690212E-01
        .4351998E+00        .1318013E+00        .6288512E-01
        .4569598E+00        .1413142E+00        .6950331E-01
        .4798077E+00        .1517421E+00        .7682331E-01
        .5037981E+00        .1631911E+00        .8491788E-01
        .5289880E+00        .1757792E+00        .9386620E-01
        .5554373E+00        .1896357E+00        .1037539E+00
        .5832092E+00        .2049017E+00        .1146731E+00
        .6123696E+00        .2217291E+00        .1267216E+00
        .6429881E+00        .2402785E+00        .1400024E+00
        .6751374E+00        .2607157E+00        .1546222E+00
        .7088943E+00        .2832066E+00        .1706892E+00
        .7443390E+00        .3079085E+00        .1883099E+00
        .7815559E+00        .3349587E+00        .2075845E+00
        .8206336E+00        .3644575E+00        .2286011E+00
        .8616653E+00        .3964473E+00        .2514274E+00
        .9047485E+00        .4308844E+00        .2761004E+00
        .9499859E+00        .4676067E+00        .3026134E+00
        .9974851E+00        .5062964E+00        .3309008E+00
        .1047359E+01        .5464447E+00        .3608213E+00
        .1099727E+01        .5873212E+00        .3921394E+00
        .1154714E+01        .6279610E+00        .4245101E+00
        .1212449E+01        .6671782E+00        .4574671E+00
        .1273072E+01        .7036159E+00        .4904211E+00
        .1336725E+01        .7358381E+00        .5226706E+00
        .1403561E+01        .7624563E+00        .5534305E+00
        .1473739E+01        .7822740E+00        .5818773E+00
        .1547426E+01        .7944186E+00        .6072088E+00
        .1624797E+01        .7984290E+00        .6287097E+00
        .1706037E+01        .7942755E+00        .6458105E+00
        .1791339E+01        .7823110E+00        .6581275E+00
        .1880906E+01        .7631712E+00        .6654749E+00
        .1974951E+01        .7376614E+00        .6678481E+00
        .2073698E+01        .7066604E+00        .6653858E+00
        .2177383E+01        .6710615E+00        .6583244E+00
        .2286252E+01        .6317489E+00        .6469584E+00
        .2400565E+01        .5895931E+00        .6316150E+00
        .2520593E+01        .5454481E+00        .6126438E+00
        .2646623E+01        .5001499E+00        .5904160E+00
        .2778954E+01        .4544964E+00        .5653255E+00
        .2917901E+01        .4092315E+00        .5377882E+00
        .3063796E+01        .3650294E+00        .5082367E+00
        .3216986E+01        .3224817E+00        .4771132E+00
        .3377835E+01        .2820882E+00        .4448611E+00
        .3546726E+01        .2442516E+00        .4119183E+00
        .3724063E+01        .2092757E+00        .3787091E+00
        .3910265E+01        .1773660E+00        .3456380E+00
        .4105779E+01        .1486346E+00        .3130836E+00
        .4311067E+01        .1231067E+00        .2813937E+00
        .4526620E+01        .1007291E+00        .2508796E+00
        .4752951E+01        .8138160E-01        .2218128E+00
        .4990599E+01        .6488864E-01        .1944204E+00
        .5240128E+01        .5103189E-01        .1688837E+00
        .5502134E+01        .3956321E-01        .1453360E+00
        .5777241E+01        .3021700E-01        .1238625E+00
        .6066103E+01        .2272170E-01        .1045015E+00
        .6369408E+01        .1680994E-01        .8724708E-01
        .6687878E+01        .1222700E-01        .7205211E-01
        .7022271E+01        .8737346E-02        .5883368E-01
        .7373384E+01        .6129260E-02        .4747860E-01
        .7742053E+01        .4217471E-02        .3784985E-01
        .8129156E+01        .2844077E-02        .2979330E-01
        .8535613E+01        .1877965E-02        .2314441E-01
        .8962393E+01        .1213060E-02        .1773461E-01
        .9410512E+01        .7657668E-03        .1339704E-01
        .9881038E+01        .4719301E-03        .9971464E-02
        .1037509E+02        .2836278E-03        .7308178E-02
        .1089384E+02        .1660375E-03        .5270857E-02
        .1143853E+02        .9456216E-04        .3738350E-02
        .1201046E+02        .5232616E-04        .2605501E-02
        .1261098E+02        .2809404E-04        .1783122E-02
        .1324153E+02        .1461408E-04        .1197276E-02
        .1390361E+02        .7353958E-05        .7880462E-03
        .1459879E+02        .3573995E-05        .5079849E-03
        .1532873E+02        .1674628E-05        .3203782E-03
        .1609516E+02        .7551228E-06        .1974844E-03
        .1689992E+02        .3270458E-06        .1188440E-03
        .1774491E+02        .1357685E-06        .6974027E-04
        .1863216E+02        .5390678E-07        .3985747E-04
        .1956377E+02        .2042437E-07        .2215547E-04
        .2054195E+02        .7366089E-08        .1196158E-04
        .2156905E+02        .2522593E-08        .6263108E-05
        .2264750E+02        .8169227E-09        .3175461E-05
        .2377988E+02        .2485221E-09        .1556407E-05
        .2496887E+02        .0000000E+00        .7361771E-06
        .2621731E+02        .0000000E+00        .3354185E-06
        .2752817E+02        .0000000E+00        .1469215E-06
        .2890458E+02        .0000000E+00        .6174435E-07
        .3034981E+02        .0000000E+00        .2482962E-07
        .3186730E+02        .0000000E+00        .9523143E-08
        .3346066E+02        .0000000E+00        .0000000E+00
        .3513369E+02        .0000000E+00        .0000000E+00
        .3689038E+02        .0000000E+00        .0000000E+00
        .3873489E+02        .0000000E+00        .0000000E+00
        .4067164E+02        .0000000E+00        .0000000E+00
        .4270522E+02        .0000000E+00        .0000000E+00
        .4484048E+02        .0000000E+00        .0000000E+00
        .4708250E+02        .0000000E+00        .0000000E+00
        .4943662E+02        .0000000E+00        .0000000E+00
        .5190845E+02        .0000000E+00        .0000000E+00
        .5450387E+02        .0000000E+00        .0000000E+00
        .5722906E+02        .0000000E+00        .0000000E+00
        .6009051E+02        .0000000E+00        .0000000E+00
        .6309503E+02        .0000000E+00        .0000000E+00
        .6624978E+02        .0000000E+00        .0000000E+00
        .6956227E+02        .0000000E+00        .0000000E+00
        .7304038E+02        .0000000E+00        .0000000E+00
        .7669239E+02        .0000000E+00        .0000000E+00
        .8052701E+02        .0000000E+00        .0000000E+00
        .8455335E+02        .0000000E+00        .0000000E+00
        .8878102E+02        .0000000E+00        .0000000E+00
        .9322006E+02        .0000000E+00        .0000000E+00
        .9788106E+02        .0000000E+00        .0000000E+00
        .1027751E+03        .0000000E+00        .0000000E+00
        .1079139E+03        .0000000E+00        .0000000E+00
        .1133096E+03        .0000000E+00        .0000000E+00
        .1189750E+03        .0000000E+00        .0000000E+00
        .1249238E+03        .0000000E+00        .0000000E+00
        .1311700E+03        .0000000E+00        .0000000E+00
        .1377284E+03        .0000000E+00        .0000000E+00
&END
