&ATOM  
 Z  =    5
 ZV =    3
 XC = 1312        .666667
 TYPE = NORMCONSERVING LOGARITHMIC 
&END   
&INFO  
    ============================================================
    |    Pseudopotential Report     Wed Sep 18 12:39:06 2002   |
    |                   Martins-Trouiller Type                 |
    ------------------------------------------------------------
    |  Atomic Symbol                   :   B                   |
    |  Atomic Number                   :   5                   |
    |  Valence Charge                  :   3                   |
    |  Number of valence states        :   2                   |
    |  Exchange-Correlation Functional :                       |
    |     Slater exchange :   .6667                            |
    |     LDA correlation : Lee-Yang-Parr                      |
    |     Exchange GC     : Becke (1988)                       |
    |     Correlation GC  : Lee-Yang-Parr                      |
    |      n     l        Rc        occ       energy           |
    |      2     S     1.390     2.0000      -.34181           |
    |      2     P     1.480      .3333      -.13001           |
    |  Radial Functions Stored on Logarithmic Grids            |
    ============================================================
&END   
&POTENTIALS   
 251  LOGARITHMIC GRID 
     .1000000000E-04    -1.152905715        -9.195656782    
     .1064025027E-04    -1.152912794        -9.195663862    
     .1132149259E-04    -1.152920809        -9.195671877    
     .1204635146E-04    -1.152929883        -9.195680951    
     .1281761945E-04    -1.152940157        -9.195691224    
     .1363826788E-04    -1.152951788        -9.195702855    
     .1451145836E-04    -1.152964956        -9.195716023    
     .1544055488E-04    -1.152979864        -9.195730931    
     .1642913683E-04    -1.152996742        -9.195747810    
     .1748101276E-04    -1.153015851        -9.195766919    
     .1860023508E-04    -1.153037485        -9.195788552    
     .1979111565E-04    -1.153061978        -9.195813045    
     .2105824237E-04    -1.153089708        -9.195840775    
     .2240649691E-04    -1.153121102        -9.195872169    
     .2384107349E-04    -1.153156644        -9.195907712    
     .2536749888E-04    -1.153196884        -9.195947951    
     .2699165369E-04    -1.153242441        -9.195993509    
     .2871979506E-04    -1.153294019        -9.196045086    
     .3055858072E-04    -1.153352413        -9.196103480    
     .3251509469E-04    -1.153418523        -9.196169590    
     .3459687452E-04    -1.153493370        -9.196244437    
     .3681194036E-04    -1.153578107        -9.196329175    
     .3916882585E-04    -1.153674043        -9.196425110    
     .4167661100E-04    -1.153782657        -9.196533724    
     .4434495716E-04    -1.153905623        -9.196656691    
     .4718414426E-04    -1.154044840        -9.196795907    
     .5020511039E-04    -1.154202454        -9.196953521    
     .5341949396E-04    -1.154380897        -9.197131964    
     .5683967853E-04    -1.154582920        -9.197333988    
     .6047884051E-04    -1.154811641        -9.197562709    
     .6435099993E-04    -1.155070588        -9.197821655    
     .6847107446E-04    -1.155363754        -9.198114821    
     .7285493688E-04    -1.155695661        -9.198446728    
     .7751947622E-04    -1.156071430        -9.198822497    
     .8248266281E-04    -1.156496856        -9.199247924    
     .8776361756E-04    -1.156978503        -9.199729570    
     .9338268558E-04    -1.157523798        -9.200274865    
     .9936151458E-04    -1.158141154        -9.200892221    
     .1057231383E-03    -1.158840093        -9.201591160    
     .1124920651E-03    -1.159631396        -9.202382463    
     .1196943727E-03    -1.160527269        -9.203278337    
     .1273578082E-03    -1.161541532        -9.204292599    
     .1355118953E-03    -1.162689828        -9.205440895    
     .1441880481E-03    -1.163989871        -9.206740938    
     .1534196919E-03    -1.165461713        -9.208212781    
     .1632423918E-03    -1.167128059        -9.209879126    
     .1736939905E-03    -1.169014610        -9.211765678    
     .1848147530E-03    -1.171150468        -9.213901536    
     .1966475226E-03    -1.173568579        -9.216319646    
     .2092378856E-03    -1.176306240        -9.219057308    
     .2226343470E-03    -1.179405682        -9.222156749    
     .2368885172E-03    -1.182914712        -9.225665780    
     .2520553110E-03    -1.186887459        -9.229638526    
     .2681931592E-03    -1.191385201        -9.234136268    
     .2853642335E-03    -1.196477316        -9.239228383    
     .3036346864E-03    -1.202242350        -9.244993417    
     .3230749055E-03    -1.208769229        -9.251520297    
     .3437597852E-03    -1.216158631        -9.258909698    
     .3657690149E-03    -1.224524536        -9.267275604    
     .3891873861E-03    -1.233995992        -9.276747059    
     .4141051192E-03    -1.244719132        -9.287470199    
     .4406182108E-03    -1.256860066        -9.299611134    
     .4688288038E-03    -1.270619058        -9.313370126    
     .4988455808E-03    -1.286460545        -9.329211612    
     .5307841828E-03    -1.302994654        -9.345745721    
     .5647676547E-03    -1.313277383        -9.356028450    
     .6009269193E-03    -1.319642449        -9.362393516    
     .6394012818E-03    -1.323500179        -9.366251246    
     .6803389664E-03    -1.325758788        -9.368509855    
     .7238976874E-03    -1.327005378        -9.369756446    
     .7702452567E-03    -1.327617272        -9.370368340    
     .8195602303E-03    -1.327835093        -9.370586160    
     .8720325966E-03    -1.327811265        -9.370562332    
     .9278645075E-03    -1.327640987        -9.370392055    
     .9872710580E-03    -1.327382711        -9.370133779    
     .1050481115E-02    -1.327071468        -9.369822536    
     .1117738197E-02    -1.326727281        -9.369478349    
     .1189301415E-02    -1.326360443        -9.369111510    
     .1265446471E-02    -1.325975365        -9.368726432    
     .1346466716E-02    -1.325572369        -9.368323437    
     .1432674285E-02    -1.325149328        -9.367900396    
     .1524401295E-02    -1.324702316        -9.367453384    
     .1622001130E-02    -1.324226246        -9.366977314    
     .1725849797E-02    -1.323715026        -9.366466094    
     .1836347377E-02    -1.323161782        -9.365912850    
     .1953919568E-02    -1.322558815        -9.365309882    
     .2079019322E-02    -1.321897685        -9.364648753    
     .2212128591E-02    -1.321169056        -9.363920123    
     .2353760185E-02    -1.320362665        -9.363113733    
     .2504459746E-02    -1.319467229        -9.362218296    
     .2664807849E-02    -1.318470285        -9.361221353    
     .2835422245E-02    -1.317358098        -9.360109165    
     .3016960232E-02    -1.316115519        -9.358866586    
     .3210121194E-02    -1.314725827        -9.357476893    
     .3415649291E-02    -1.313170607        -9.355921672    
     .3634336331E-02    -1.311429582        -9.354180647    
     .3867024814E-02    -1.309480488        -9.352231552    
     .4114611184E-02    -1.307298914        -9.350049975    
     .4378049278E-02    -1.304858171        -9.347609231    
     .4658354003E-02    -1.302129179        -9.344880236    
     .4956605246E-02    -1.299080347        -9.341831400    
     .5273952032E-02    -1.295677487        -9.338428535    
     .5611616956E-02    -1.291883752        -9.334634794    
     .5970900885E-02    -1.287659596        -9.330410630    
     .6353187978E-02    -1.282962768        -9.325713792    
     .6759951013E-02    -1.277748338        -9.320499348    
     .7192757062E-02    -1.271968755        -9.314719747    
     .7653273530E-02    -1.265573941        -9.308324911    
     .8143274578E-02    -1.258511417        -9.301262358    
     .8664647956E-02    -1.250726460        -9.293477362    
     .9219402279E-02    -1.242162283        -9.284913137    
     .9809674763E-02    -1.232760252        -9.275511042    
     .1043773946E-01    -1.222460119        -9.265210828    
     .1110601601E-01    -1.211200301        -9.253950906    
     .1181707899E-01    -1.198918179        -9.241668649    
     .1257366780E-01    -1.185550456        -9.228300753    
     .1337869723E-01    -1.171033572        -9.213783646    
     .1423526868E-01    -1.155304190        -9.198053978    
     .1514668215E-01    -1.138299782        -9.181049202    
     .1611644889E-01    -1.119959317        -9.162708265    
     .1714830497E-01    -1.100224081        -9.142972423    
     .1824622567E-01    -1.079038630        -9.121786195    
     .1941444077E-01    -1.056351893        -9.099098460    
     .2065745087E-01    -1.032118420        -9.074863706    
     .2198004473E-01    -1.006299779        -9.049043421    
     .2338731770E-01    -.9788660826        -9.021607618    
     .2488469135E-01    -.9497976299        -8.992536461    
     .2647793440E-01    -.9190866288        -8.961821993    
     .2817318488E-01    -.8867389651        -8.929469883    
     .2997697381E-01    -.8527759661        -8.895501183    
     .3189625038E-01    -.8172361001        -8.859954007    
     .3393840869E-01    -.7801765430        -8.822885079    
     .3611131623E-01    -.7416745346        -8.784371057    
     .3842334424E-01    -.7018284411        -8.744509564    
     .4088339991E-01    -.6607584369        -8.703419822    
     .4350096071E-01    -.6186067181        -8.661242807    
     .4628611092E-01    -.5755371711        -8.618140842    
     .4924958044E-01    -.5317344245        -8.574296554    
     .5240278618E-01    -.4874022386        -8.529911141    
     .5575787600E-01    -.4427612062        -8.485201913    
     .5932777554E-01    -.3980457733        -8.440399118    
     .6312623800E-01    -.3535006215        -8.395742060    
     .6716789711E-01    -.3093764922        -8.351474603    
     .7146832357E-01    -.2659255695        -8.307840132    
     .7604408495E-01    -.2233965718        -8.265076112    
     .8091280957E-01    -.1820297289        -8.223408384    
     .8609325442E-01    -.1420518386        -8.183045359    
     .9160537740E-01    -.1036716000        -8.144172241    
     .9747041420E-01    -.6707541980E-01    -8.106945438    
     .1037109601        -.3242386618E-01    -8.071487224    
     .1103510572         .1510719688E-03    -8.037880741    
     .1174162867         .3054779153E-01    -8.006165321    
     .1249338676         .5869583707E-01    -7.976332096    
     .1329327620         .8455552084E-01    -7.948319789    
     .1414437857         .1081163012        -7.922010565    
     .1504997279         .1293938010        -7.897225740    
     .1601354771         .1484253122        -7.873721175    
     .1703881555         .1652635804        -7.851182112    
     .1812972618         .1799686056        -7.829217214    
     .1929048240         .1925971267        -7.807351542    
     .2052555606         .2031893993        -7.785018172    
     .2183970535         .2117528176        -7.761548137    
     .2323799308         .2182418846        -7.736158366    
     .2472580623         .2225340005        -7.707937327    
     .2630887665         .2244005101        -7.675828190    
     .2799330320         .2234724531        -7.638609568    
     .2978557520         .2192005222        -7.594874276    
     .3169259747         .2108089288        -7.543007218    
     .3372171690         .1972433482        -7.481164343    
     .3588075074         .1771140918        -7.407255776    
     .3817801680         .1486374803        -7.318937483    
     .4062236537         .1095815423        -7.213617196    
     .4322321342         .5722718276E-01    -7.088481502    
     .4599058085        -.1163669879E-01    -6.940551862    
     .4893512905        -.1006560444        -6.766778009    
     .5206820203        -.2137535965        -6.564178269    
     .5540187009        -.3548223125        -6.330039307    
     .5894897634        -.5272207930        -6.062194265    
     .6272318617        -.7330329680        -5.759407808    
     .6673903989        -.9720851651        -5.421903616    
     .7101200875        -1.240768737        -5.052061831    
     .7555855455        -1.530807495        -4.655279278    
     .8039619308        -1.828276574        -4.240938619    
     .8554356155        -2.113541320        -3.823476357    
     .9102049042        -2.363241355        -3.423593769    
     .9684807982        -2.552452286        -3.066278198    
     1.030487808        -2.655472765        -2.772510307    
     1.096464818        -2.656715171        -2.555263834    
     1.166666008        -2.564246918        -2.414017248    
     1.241361831        -2.416502976        -2.326537941    
     1.320840057        -2.267713395        -2.247322428    
     1.405406877        -2.132943640        -2.132898508    
     1.495388091        -2.005496114        -2.005494043    
     1.591130355        -1.885207380        -1.885207272    
     1.693002519        -1.771930972        -1.771930968    
     1.801397052        -1.665371984        -1.665371984    
     1.916731548        -1.565183986        -1.565183986    
     2.039450338        -1.471008731        -1.471008731    
     2.170026202        -1.382494776        -1.382494776    
     2.308962189        -1.299305435        -1.299305435    
     2.456793556        -1.221121655        -1.221121655    
     2.614089831        -1.147642584        -1.147642584    
     2.781457004        -1.078585145        -1.078585145    
     2.959539865        -1.013683214        -1.013683214    
     3.149024486        -.9526866830        -.9526866830    
     3.350640865        -.8953605158        -.8953605158    
     3.565165738        -.8414838480        -.8414838480    
     3.793425573        -.7908491363        -.7908491363    
     4.036299749        -.7432613582        -.7432613582    
     4.294723951        -.6985372478        -.6985372478    
     4.569693770        -.6565045592        -.6565045592    
     4.862268539        -.6170013516        -.6170013516    
     5.173575415        -.5798753219        -.5798753219    
     5.504813723        -.5449832321        -.5449832321    
     5.857259573        -.5121904652        -.5121904652    
     6.232270777        -.4813706503        -.4813706503    
     6.631292085        -.4524052006        -.4524052006    
     7.055860743        -.4251827032        -.4251827032    
     7.507612420        -.3995983338        -.3995983338    
     7.988287511        -.3755534754        -.3755534754    
     8.499737838        -.3529554440        -.3529554440    
     9.043933786        -.3317171648        -.3317171648    
     9.622971895        -.3117568171        -.3117568171    
     10.23908293        -.2929975077        -.2929975077    
     10.89464050        -.2753669639        -.2753669639    
     11.59217016        -.2587971782        -.2587971782    
     12.33435917        -.2432220138        -.2432220138    
     13.12406685        -.2285896616        -.2285896616    
     13.96433559        -.2148339645        -.2148339645    
     14.85840256        -.2019066189        -.2019066189    
     15.80971219        -.1897572545        -.1897572545    
     16.82192945        -.1783389835        -.1783389835    
     17.89895395        -.1676078022        -.1676078022    
     19.04493496        -.1575223625        -.1575223625    
     20.26428745        -.1480438048        -.1480438048    
     21.56170901        -.1391356083        -.1391356083    
     22.94219802        -.1307634503        -.1307634503    
     24.41107287        -.1228950736        -.1228950736    
     25.97399248        -.1155001629        -.1155001629    
     27.63697807        -.1085502292        -.1085502292    
     29.40643634        -.1020184757        -.1020184757    
     31.28918424        -.9587977221E-01    -.9587977221E-01
     33.29247512        -.9011044875E-01    -.9011044875E-01
     35.42402675        -.8468827977E-01    -.8468827977E-01
     37.69205103        -.7959237618E-01    -.7959237618E-01
     40.10528564        -.7480310575E-01    -.7480310575E-01
     42.67302765        -.7030201759E-01    -.7030201759E-01
     45.40516941        -.6607177104E-01    -.6607177104E-01
     48.31223663        -.6209606881E-01    -.6209606881E-01
     51.40542891        -.5835959369E-01    -.5835959369E-01
     54.69666290        -.5484794627E-01    -.5484794627E-01
&END   
&ATDENS   
 251  LOGARITHMIC GRID 
     .1000000000E-04     .3170460589    
     .1064025027E-04     .3170198573    
     .1132149259E-04     .3169938422    
     .1204635146E-04     .3169693722    
     .1281761945E-04     .3169464517    
     .1363826788E-04     .3169250007    
     .1451145836E-04     .3169049284    
     .1544055488E-04     .3168861492    
     .1642913683E-04     .3168685823    
     .1748101276E-04     .3168521516    
     .1860023508E-04     .3168367855    
     .1979111565E-04     .3168224166    
     .2105824237E-04     .3168089811    
     .2240649691E-04     .3167964193    
     .2384107349E-04     .3167846745    
     .2536749888E-04     .3167736936    
     .2699165369E-04     .3167634264    
     .2871979506E-04     .3167538257    
     .3055858072E-04     .3167448468    
     .3251509469E-04     .3167364480    
     .3459687452E-04     .3167285896    
     .3681194036E-04     .3167212348    
     .3916882585E-04     .3167143485    
     .4167661100E-04     .3167078983    
     .4434495716E-04     .3167018534    
     .4718414426E-04     .3166961854    
     .5020511039E-04     .3166908675    
     .5341949396E-04     .3166858750    
     .5683967853E-04     .3166811850    
     .6047884051E-04     .3166767762    
     .6435099993E-04     .3166726291    
     .6847107446E-04     .3166687257    
     .7285493688E-04     .3166650496    
     .7751947622E-04     .3166615857    
     .8248266281E-04     .3166583202    
     .8776361756E-04     .3166552405    
     .9338268558E-04     .3166523351    
     .9936151458E-04     .3166495932    
     .1057231383E-03     .3166470052    
     .1124920651E-03     .3166445622    
     .1196943727E-03     .3166422561    
     .1273578082E-03     .3166400796    
     .1355118953E-03     .3166380260    
     .1441880481E-03     .3166360891    
     .1534196919E-03     .3166342630    
     .1632423918E-03     .3166325422    
     .1736939905E-03     .3166309214    
     .1848147530E-03     .3166293957    
     .1966475226E-03     .3166279605    
     .2092378856E-03     .3166266112    
     .2226343470E-03     .3166253435    
     .2368885172E-03     .3166241535    
     .2520553110E-03     .3166230374    
     .2681931592E-03     .3166219915    
     .2853642335E-03     .3166210124    
     .3036346864E-03     .3166200971    
     .3230749055E-03     .3166192425    
     .3437597852E-03     .3166184460    
     .3657690149E-03     .3166177052    
     .3891873861E-03     .3166170178    
     .4141051192E-03     .3166163819    
     .4406182108E-03     .3166157958    
     .4688288038E-03     .3166152580    
     .4988455808E-03     .3166147674    
     .5307841828E-03     .3166143230    
     .5647676547E-03     .3166139244    
     .6009269193E-03     .3166135713    
     .6394012818E-03     .3166132638    
     .6803389664E-03     .3166130023    
     .7238976874E-03     .3166127877    
     .7702452567E-03     .3166126212    
     .8195602303E-03     .3166125048    
     .8720325966E-03     .3166124405    
     .9278645075E-03     .3166124312    
     .9872710580E-03     .3166124805    
     .1050481115E-02     .3166125923    
     .1117738197E-02     .3166127716    
     .1189301415E-02     .3166130242    
     .1265446471E-02     .3166133567    
     .1346466716E-02     .3166137768    
     .1432674285E-02     .3166142936    
     .1524401295E-02     .3166149173    
     .1622001130E-02     .3166156597    
     .1725849797E-02     .3166165343    
     .1836347377E-02     .3166175565    
     .1953919568E-02     .3166187439    
     .2079019322E-02     .3166201165    
     .2212128591E-02     .3166216971    
     .2353760185E-02     .3166235115    
     .2504459746E-02     .3166255891    
     .2664807849E-02     .3166279634    
     .2835422245E-02     .3166306721    
     .3016960232E-02     .3166337582    
     .3210121194E-02     .3166372703    
     .3415649291E-02     .3166412638    
     .3634336331E-02     .3166458011    
     .3867024814E-02     .3166509531    
     .4114611184E-02     .3166568002    
     .4378049278E-02     .3166634332    
     .4658354003E-02     .3166709553    
     .4956605246E-02     .3166794832    
     .5273952032E-02     .3166891490    
     .5611616956E-02     .3167001023    
     .5970900885E-02     .3167125128    
     .6353187978E-02     .3167265722    
     .6759951013E-02     .3167424978    
     .7192757062E-02     .3167605358    
     .7653273530E-02     .3167809645    
     .8143274578E-02     .3168040994    
     .8664647956E-02     .3168302974    
     .9219402279E-02     .3168599627    
     .9809674763E-02     .3168935528    
     .1043773946E-01     .3169315857    
     .1110601601E-01     .3169746475    
     .1181707899E-01     .3170234020    
     .1257366780E-01     .3170786003    
     .1337869723E-01     .3171410926    
     .1423526868E-01     .3172118414    
     .1514668215E-01     .3172919356    
     .1611644889E-01     .3173826080    
     .1714830497E-01     .3174852535    
     .1824622567E-01     .3176014505    
     .1941444077E-01     .3177329851    
     .2065745087E-01     .3178818782    
     .2198004473E-01     .3180504160    
     .2338731770E-01     .3182411850    
     .2488469135E-01     .3184571104    
     .2647793440E-01     .3187015010    
     .2817318488E-01     .3189780982    
     .2997697381E-01     .3192911320    
     .3189625038E-01     .3196453846    
     .3393840869E-01     .3200462606    
     .3611131623E-01     .3204998670    
     .3842334424E-01     .3210131026    
     .4088339991E-01     .3215937585    
     .4350096071E-01     .3222506304    
     .4628611092E-01     .3229936445    
     .4924958044E-01     .3238339979    
     .5240278618E-01     .3247843152    
     .5575787600E-01     .3258588222    
     .5932777554E-01     .3270735396    
     .6312623800E-01     .3284464958    
     .6716789711E-01     .3299979620    
     .7146832357E-01     .3317507096    
     .7604408495E-01     .3337302919    
     .8091280957E-01     .3359653481    
     .8609325442E-01     .3384879312    
     .9160537740E-01     .3413338573    
     .9747041420E-01     .3445430737    
     .1037109601         .3481600406    
     .1103510572         .3522341195    
     .1174162867         .3568199585    
     .1249338676         .3619778588    
     .1329327620         .3677741050    
     .1414437857         .3742812306    
     .1504997279         .3815781887    
     .1601354771         .3897503817    
     .1703881555         .3988894973    
     .1812972618         .4090930850    
     .1929048240         .4204637893    
     .2052555606         .4331081453    
     .2183970535         .4471348248    
     .2323799308         .4626522077    
     .2472580623         .4797651469    
     .2630887665         .4985707972    
     .2799330320         .5191533919    
     .2978557520         .5415778963    
     .3169259747         .5658825374    
     .3372171690         .5920703285    
     .3588075074         .6200998742    
     .3817801680         .6498759672    
     .4062236537         .6812407476    
     .4322321342         .7139664577    
     .4599058085         .7477510032    
     .4893512905         .7822174749    
     .5206820203         .8169182969    
     .5540187009         .8513434904    
     .5894897634         .8849304858    
     .6272318617         .9170700268    
     .6673903989         .9470996203    
     .7101200875         .9742743371    
     .7555855455         .9977075420    
     .8039619308         1.016285269    
     .8554356155         1.028580428    
     .9102049042         1.032824123    
     .9684807982         1.027016050    
     1.030487808         1.009243100    
     1.096464818         .9781900210    
     1.166666008         .9336691958    
     1.241361831         .8768592129    
     1.320840057         .8100117758    
     1.405406877         .7358489176    
     1.495388091         .6573102982    
     1.591130355         .5773460555    
     1.693002519         .4986277464    
     1.801397052         .4234197589    
     1.916731548         .3535010250    
     2.039450338         .2901334368    
     2.170026202         .2340718460    
     2.308962189         .1856083560    
     2.456793556         .1446415644    
     2.614089831         .1107606125    
     2.781457004         .8333428219E-01
     2.959539865         .6159673700E-01
     3.149024486         .4472349647E-01
     3.350640865         .3189349971E-01
     3.565165738         .2233535657E-01
     3.793425573         .1535783461E-01
     4.036299749         .1036613947E-01
     4.294723951         .6866533111E-02
     4.569693770         .4462301687E-02
     4.862268539         .2844095010E-02
     5.173575415         .1777320467E-02
     5.504813723         .1088713069E-02
     5.857259573         .6535473833E-03
     6.232270777         .3843240208E-03
     6.631292085         .2212567624E-03
     7.055860743         .1245713431E-03
     7.507612420         .6848680231E-04
     7.988287511         .3669596885E-04
     8.499737838         .1911768155E-04
     9.043933786         .9657524862E-05
     9.622971895         .4715250899E-05
     10.23908293         .2216219476E-05
     10.89464050         .9973168842E-06
     11.59217016         .4262265521E-06
     12.33435917         .1689381840E-06
     13.12406685         .6522118005E-07
     13.96433559         .2413219666E-07
     14.85840256         .8455853663E-08
     15.80971219         .2795949652E-08
     16.82192945         .8691313335E-09
     17.89895395         .2529930811E-09
     19.04493496         .6867470449E-10
     20.26428745         .1731074301E-10
     21.56170901         .4037080141E-11
     22.94219802         .8709285563E-12
     24.41107287         .1770275230E-12
     25.97399248         .3803179497E-13
     27.63697807         .1513563112E-13
     29.40643634        -.1166949567E-14
     31.28918424        -.8434900961E-16
     33.29247512        -.6002318972E-17
     35.42402675        -.4195323839E-18
     37.69205103        -.2870524441E-19
     40.10528564        -.1913095187E-20
     42.67302765        -.1232292093E-21
     45.40516941        -.7572692113E-23
     48.31223663        -.4333508136E-24
     51.40542891        -.2188108462E-25
     54.69666290        -.8181182098E-27
&END   
&WAVEFUNCTION 
 251   CHANNELS=1 
     .1000000000E-04     .3981495061E-05     .1988342709E-09
     .1064025027E-04     .4236235334E-05     .2204950298E-09
     .1132149259E-04     .4507275470E-05     .2445995023E-09
     .1204635146E-04     .4795668795E-05     .2720910890E-09
     .1281761945E-04     .5102527126E-05     .3034414001E-09
     .1363826788E-04     .5429032835E-05     .3391413784E-09
     .1451145836E-04     .5776443878E-05     .3797378189E-09
     .1544055488E-04     .6146098744E-05     .4258484478E-09
     .1642913683E-04     .6539421616E-05     .4781710634E-09
     .1748101276E-04     .6957927861E-05     .5374936845E-09
     .1860023508E-04     .7403229861E-05     .6047059747E-09
     .1979111565E-04     .7877043232E-05     .6808121227E-09
     .2105824237E-04     .8381193423E-05     .7669453716E-09
     .2240649691E-04     .8917622757E-05     .8643844149E-09
     .2384107349E-04     .9488397907E-05     .9745719091E-09
     .2536749888E-04     .1009571786E-04     .1099135392E-08
     .2699165369E-04     .1074192238E-04     .1239910935E-08
     .2871979506E-04     .1142950104E-04     .1398969919E-08
     .3055858072E-04     .1216110279E-04     .1578649369E-08
     .3251509469E-04     .1293954616E-04     .1781586378E-08
     .3459687452E-04     .1376783016E-04     .2010757204E-08
     .3681194036E-04     .1464914576E-04     .2269521768E-08
     .3916882585E-04     .1558688826E-04     .2561674353E-08
     .4167661100E-04     .1658467031E-04     .2891501479E-08
     .4434495716E-04     .1764633585E-04     .3263848074E-08
     .4718414426E-04     .1877597495E-04     .3684193240E-08
     .5020511039E-04     .1997793950E-04     .4158737133E-08
     .5341949396E-04     .2125686004E-04     .4694500686E-08
     .5683967853E-04     .2261766358E-04     .5299440141E-08
     .6047884051E-04     .2406559254E-04     .5982578589E-08
     .6435099993E-04     .2560622505E-04     .6754156881E-08
     .6847107446E-04     .2724549633E-04     .7625806402E-08
     .7285493688E-04     .2898972164E-04     .8610746139E-08
     .7751947622E-04     .3084562057E-04     .9724006128E-08
     .8248266281E-04     .3282034294E-04     .1098267863E-07
     .8776361756E-04     .3492149636E-04     .1240619689E-07
     .9338268558E-04     .3715717551E-04     .1401663896E-07
     .9936151458E-04     .3953599334E-04     .1583904974E-07
     .1057231383E-03     .4206711427E-04     .1790176886E-07
     .1124920651E-03     .4476028948E-04     .2023684406E-07
     .1196943727E-03     .4762589450E-04     .2288048254E-07
     .1273578082E-03     .5067496916E-04     .2587354528E-07
     .1355118953E-03     .5391926015E-04     .2926233595E-07
     .1441880481E-03     .5737126623E-04     .3309928575E-07
     .1534196919E-03     .6104428643E-04     .3744375357E-07
     .1632423918E-03     .6495247125E-04     .4236293627E-07
     .1736939905E-03     .6911087716E-04     .4793289915E-07
     .1848147530E-03     .7353552464E-04     .5423974415E-07
     .1966475226E-03     .7824345989E-04     .6138093407E-07
     .2092378856E-03     .8325282048E-04     .6946679333E-07
     .2226343470E-03     .8858290525E-04     .7862220793E-07
     .2368885172E-03     .9425424863E-04     .8898855098E-07
     .2520553110E-03     .1002886998E-03     .1007258631E-06
     .2681931592E-03     .1067095067E-03     .1140153210E-06
     .2853642335E-03     .1135414060E-03     .1290620329E-06
     .3036346864E-03     .1208107179E-03     .1460982025E-06
     .3230749055E-03     .1285454477E-03     .1653867117E-06
     .3437597852E-03     .1367753940E-03     .1872251758E-06
     .3657690149E-03     .1455322631E-03     .2119505358E-06
     .3891873861E-03     .1548497913E-03     .2399442557E-06
     .4141051192E-03     .1647638749E-03     .2716382078E-06
     .4406182108E-03     .1753127086E-03     .3075213350E-06
     .4688288038E-03     .1865369322E-03     .3481471935E-06
     .4988455808E-03     .1984797877E-03     .3941424918E-06
     .5307841828E-03     .2111872859E-03     .4462167591E-06
     .5647676547E-03     .2247083831E-03     .5051732846E-06
     .6009269193E-03     .2390951703E-03     .5719215110E-06
     .6394012818E-03     .2544030735E-03     .6474910658E-06
     .6803389664E-03     .2706910675E-03     .7330476427E-06
     .7238976874E-03     .2880219031E-03     .8299109826E-06
     .7702452567E-03     .3064623488E-03     .9395752305E-06
     .8195602303E-03     .3260834478E-03     .1063731983E-05
     .8720325966E-03     .3469607924E-03     .1204296379E-05
     .9278645075E-03     .3691748143E-03     .1363436643E-05
     .9872710580E-03     .3928110954E-03     .1543607529E-05
     .1050481115E-02     .4179606972E-03     .1747588181E-05
     .1117738197E-02     .4447205114E-03     .1978525005E-05
     .1189301415E-02     .4731936336E-03     .2239980199E-05
     .1265446471E-02     .5034897607E-03     .2535986698E-05
     .1346466716E-02     .5357256129E-03     .2871110378E-05
     .1432674285E-02     .5700253842E-03     .3250520486E-05
     .1524401295E-02     .6065212209E-03     .3680069369E-05
     .1622001130E-02     .6453537305E-03     .4166382744E-05
     .1725849797E-02     .6866725237E-03     .4716961889E-05
     .1836347377E-02     .7306367913E-03     .5340299347E-05
     .1953919568E-02     .7774159176E-03     .6046009911E-05
     .2079019322E-02     .8271901333E-03     .6844978919E-05
     .2212128591E-02     .8801512102E-03     .7749530146E-05
     .2353760185E-02     .9365032004E-03     .8773615869E-05
     .2504459746E-02     .9964632237E-03     .9933032063E-05
     .2664807849E-02     .1060262304E-02     .1124566201E-04
     .2835422245E-02     .1128146260E-02     .1273175211E-04
     .3016960232E-02     .1200376654E-02     .1441422410E-04
     .3210121194E-02     .1277231803E-02     .1631902858E-04
     .3415649291E-02     .1359007845E-02     .1847554519E-04
     .3634336331E-02     .1446019892E-02     .2091703564E-04
     .3867024814E-02     .1538603238E-02     .2368115665E-04
     .4114611184E-02     .1637114657E-02     .2681054056E-04
     .4378049278E-02     .1741933781E-02     .3035345271E-04
     .4658354003E-02     .1853464564E-02     .3436453555E-04
     .4956605246E-02     .1972136847E-02     .3890565109E-04
     .5273952032E-02     .2098408015E-02     .4404683455E-04
     .5611616956E-02     .2232764768E-02     .4986737395E-04
     .5970900885E-02     .2375725005E-02     .5645703218E-04
     .6353187978E-02     .2527839829E-02     .6391743044E-04
     .6759951013E-02     .2689695680E-02     .7236361422E-04
     .7192757062E-02     .2861916610E-02     .8192582591E-04
     .7653273530E-02     .3045166705E-02     .9275151136E-04
     .8143274578E-02     .3240152664E-02     .1050075910E-03
     .8664647956E-02     .3447626545E-02     .1188830305E-03
     .9219402279E-02     .3668388693E-02     .1345917503E-03
     .9809674763E-02     .3903290862E-02     .1523759187E-03
     .1043773946E-01     .4153239537E-02     .1725096786E-03
     .1110601601E-01     .4419199480E-02     .1953033651E-03
     .1181707899E-01     .4702197513E-02     .2211082783E-03
     .1257366780E-01     .5003326543E-02     .2503220842E-03
     .1337869723E-01     .5323749874E-02     .2833949249E-03
     .1423526868E-01     .5664705791E-02     .3208363326E-03
     .1514668215E-01     .6027512471E-02     .3632230510E-03
     .1611644889E-01     .6413573218E-02     .4112078824E-03
     .1714830497E-01     .6824382063E-02     .4655296944E-03
     .1824622567E-01     .7261529756E-02     .5270247366E-03
     .1941444077E-01     .7726710175E-02     .5966394366E-03
     .2065745087E-01     .8221727191E-02     .6754448666E-03
     .2198004473E-01     .8748502021E-02     .7646530951E-03
     .2338731770E-01     .9309081132E-02     .8656356661E-03
     .2488469135E-01     .9905644708E-02     .9799444773E-03
     .2647793440E-01     .1054051577E-01     .1109335361E-02
     .2817318488E-01     .1121616998E-01     .1255794713E-02
     .2997697381E-01     .1193524622E-01     .1421569544E-02
     .3189625038E-01     .1270055802E-01     .1609201394E-02
     .3393840869E-01     .1351510587E-01     .1821564570E-02
     .3611131623E-01     .1438209063E-01     .2061909256E-02
     .3842334424E-01     .1530492803E-01     .2333910068E-02
     .4088339991E-01     .1628726446E-01     .2641720711E-02
     .4350096071E-01     .1733299423E-01     .2990035468E-02
     .4628611092E-01     .1844627834E-01     .3384158291E-02
     .4924958044E-01     .1963156518E-01     .3830080369E-02
     .5240278618E-01     .2089361321E-01     .4334567107E-02
     .5575787600E-01     .2223751599E-01     .4905255521E-02
     .5932777554E-01     .2366872991E-01     .5550763126E-02
     .6312623800E-01     .2519310495E-01     .6280809457E-02
     .6716789711E-01     .2681691899E-01     .7106351396E-02
     .7146832357E-01     .2854691614E-01     .8039733502E-02
     .7604408495E-01     .3039034989E-01     .9094854535E-02
     .8091280957E-01     .3235503165E-01     .1028735130E-01
     .8609325442E-01     .3444938576E-01     .1163480077E-01
     .9160537740E-01     .3668251202E-01     .1315694132E-01
     .9747041420E-01     .3906425698E-01     .1487591345E-01
     .1037109601         .4160529571E-01     .1681651988E-01
     .1103510572         .4431722578E-01     .1900650429E-01
     .1174162867         .4721267580E-01     .2147684690E-01
     .1249338676         .5030543113E-01     .2426207356E-01
     .1329327620         .5361058018E-01     .2740057360E-01
     .1414437857         .5714468494E-01     .3093491893E-01
     .1504997279         .6092598065E-01     .3491217387E-01
     .1601354771         .6497461006E-01     .3938418142E-01
     .1703881555         .6931289890E-01     .4440780619E-01
     .1812972618         .7396568071E-01     .5004510831E-01
     .1929048240         .7896068020E-01     .5636341440E-01
     .2052555606         .8432896629E-01     .6343524249E-01
     .2183970535         .9010548772E-01     .7133802610E-01
     .2323799308         .9632970579E-01     .8015356990E-01
     .2472580623         .1030463409         .8996715432E-01
     .2630887665         .1103062503         .1008661913    
     .2799330320         .1181674560         .1129383176    
     .2978557520         .1266963382         .1262688010    
     .3169259747         .1359690074         .1409371258    
     .3372171690         .1460728557         .1570126338    
     .3588075074         .1571082686         .1745491192    
     .3817801680         .1691904455         .1935783321    
     .4062236537         .1824512170         .2141024495    
     .4322321342         .1970406577         .2360857248    
     .4599058085         .2131281498         .2594457668    
     .4893512905         .2309023416         .2840452079    
     .5206820203         .2505691375         .3096849123    
     .5540187009         .2723464441         .3361002981    
     .5894897634         .2964538702         .3629627287    
     .6272318617         .3230950110         .3898881171    
     .6673903989         .3524294913         .4164546760    
     .7101200875         .3845319910         .4422308659    
     .7555855455         .4193367054         .4668127906    
     .8039619308         .4565691316         .4898674300    
     .8554356155         .4956738944         .5111743075    
     .9102049042         .5357579409         .5306540554    
     .9684807982         .5755807002         .5483690526    
     1.030487808         .6136292398         .5644809348    
     1.096464818         .6483027357         .5791558220    
     1.166666008         .6781802739         .5924263941    
     1.241361831         .7022591051         .6040579345    
     1.320840057         .7199836564         .6135213574    
     1.405406877         .7310208651         .6201955194    
     1.495388091         .7351408542         .6237015033    
     1.591130355         .7322692102         .6238815231    
     1.693002519         .7224945633         .6206438027    
     1.801397052         .7060686983         .6139579564    
     1.916731548         .6834005235         .6038548392    
     2.039450338         .6550441784         .5904261154    
     2.170026202         .6216814992         .5738220918    
     2.308962189         .5840994719         .5542478765    
     2.456793556         .5431636112         .5319579850    
     2.614089831         .4997884374         .5072495862    
     2.781457004         .4549063926         .4804546503    
     2.959539865         .4094366746         .4519313443    
     3.149024486         .3642555375         .4220551318    
     3.350640865         .3201695813         .3912101546    
     3.565165738         .2778934148         .3597815697    
     3.793425573         .2380327509         .3281494803    
     4.036299749         .2010734849         .2966848710    
     4.294723951         .1673766505         .2657474166    
     4.569693770         .1371784672         .2356841847    
     4.862268539         .1105942162         .2068272568    
     5.173575415         .8762469975E-01     .1794876861    
     5.504813723         .6816479233E-01     .1539438784    
     5.857259573         .5201489721E-01     .1304251895    
     6.232270777         .3889701981E-01     .1090955103    
     6.631292085         .2847632502E-01     .9004370871E-01
     7.055860743         .2038639444E-01     .7328484778E-01
     7.507612420         .1425411589E-01     .5876979924E-01
     7.988287511         .9720448520E-02     .4639739233E-01
     8.499737838         .6455557640E-02     .3602539459E-01
     9.043933786         .4168579519E-02     .2748026973E-01
     9.622971895         .2612710971E-02     .2056667892E-01
     10.23908293         .1586289181E-02     .1507691186E-01
     10.89464050         .9306324899E-03     .1080008834E-01
     11.59217016         .5255521520E-03     .7531439125E-02
     12.33435917         .2820435782E-03     .5054189185E-02
     13.12406685         .1464488697E-03     .3345293036E-02
     13.96433559         .7320923313E-04     .2166850132E-02
     14.85840256         .3499147050E-04     .1365454793E-02
     15.80971219         .1594655058E-04     .8356986702E-03
     16.82192945         .6908514405E-05     .4958653721E-03
     17.89895395         .2836205485E-05     .2846967549E-03
     19.04493496         .1099788383E-05     .1578407569E-03
     20.26428745         .4018358231E-06     .8432687803E-04
     21.56170901         .1392963862E-06     .4333413636E-04
     22.94219802         .4959227301E-07     .2141814683E-04
     24.41107287         .1828130508E-07     .1027698551E-04
     25.97399248         .1023585901E-08     .5085717075E-05
     27.63697807         .7601157526E-10     .3583492150E-05
     29.40643634         .5571903923E-11    -.2882493389E-06
     31.28918424         .4027462633E-12    -.2083513028E-07
     33.29247512         .2865963155E-13    -.1482638602E-08
     35.42402675         .2003166377E-14    -.1036290991E-09
     37.69205103         .1370606481E-15    -.7090510128E-11
     40.10528564         .9134570059E-17    -.4725554885E-12
     42.67302765         .5883898792E-18    -.3043896593E-13
     45.40516941         .3615778615E-19    -.1870537988E-14
     48.31223663         .2069146059E-20    -.1070424027E-15
     51.40542891         .1044769240E-21    -.5404867830E-17
     54.69666290         .3906317969E-23    -.2020841686E-18
&END   
