&ATOM  
 Z  =   48
 ZV =    2
 XC = 1100        .666667
 TYPE = NORMCONSERVING BHS
&END   
&INFO  
    ============================================================
    |    CADMIUM SGS PSEUDOPOTENTIAL                           |
    ============================================================
&END  
&POTENTIAL
    BHS
              8.5316    2.1900   -7.5316     .6000
              1.2000      425119.1032268      -15600.7623708
              1.3200      185601.6652712      -81869.4730554
              1.4400     -610699.8489271      -26831.1934361
               .8400      230831.2180165       -5703.3748661
               .9200       91853.6104596      -29163.8291492
              1.0000     -322668.2978287       -9417.9396225
               .4400           4.6106320           -.4945814
              1.1400           7.1084497          -1.4751539
              1.9800           3.1110453           -.2851754
&END 
&WAVEFUNCTION
       276      1.050000168
        .2083333E-03        .1230212E-04
        .2187500E-03        .1291722E-04
        .2296875E-03        .1356308E-04
        .2411718E-03        .1424124E-04
        .2532304E-03        .1495330E-04
        .2658919E-03        .1570096E-04
        .2791865E-03        .1648601E-04
        .2931458E-03        .1731031E-04
        .3078031E-03        .1817583E-04
        .3231932E-03        .1908462E-04
        .3393529E-03        .2003885E-04
        .3563205E-03        .2104079E-04
        .3741365E-03        .2209283E-04
        .3928433E-03        .2319747E-04
        .4124855E-03        .2435734E-04
        .4331097E-03        .2557521E-04
        .4547652E-03        .2685397E-04
        .4775034E-03        .2819667E-04
        .5013786E-03        .2960650E-04
        .5264475E-03        .3108683E-04
        .5527698E-03        .3264117E-04
        .5804083E-03        .3427323E-04
        .6094287E-03        .3598689E-04
        .6399001E-03        .3778624E-04
        .6718951E-03        .3967555E-04
        .7054898E-03        .4165933E-04
        .7407643E-03        .4374230E-04
        .7778024E-03        .4592942E-04
        .8166925E-03        .4822590E-04
        .8575271E-03        .5063720E-04
        .9004034E-03        .5316907E-04
        .9454235E-03        .5582753E-04
        .9926947E-03        .5861891E-04
        .1042329E-02        .6154987E-04
        .1094446E-02        .6462737E-04
        .1149168E-02        .6785876E-04
        .1206626E-02        .7125171E-04
        .1266958E-02        .7481432E-04
        .1330305E-02        .7855506E-04
        .1396821E-02        .8248285E-04
        .1466662E-02        .8660702E-04
        .1539995E-02        .9093741E-04
        .1616994E-02        .9548433E-04
        .1697844E-02        .1002586E-03
        .1782736E-02        .1052716E-03
        .1871873E-02        .1105352E-03
        .1965466E-02        .1160621E-03
        .2063740E-02        .1218653E-03
        .2166926E-02        .1279587E-03
        .2275273E-02        .1343568E-03
        .2389036E-02        .1410747E-03
        .2508488E-02        .1481287E-03
        .2633912E-02        .1555353E-03
        .2765608E-02        .1633123E-03
        .2903888E-02        .1714782E-03
        .3049082E-02        .1800525E-03
        .3201536E-02        .1890555E-03
        .3361613E-02        .1985087E-03
        .3529693E-02        .2084346E-03
        .3706178E-02        .2188570E-03
        .3891486E-02        .2298005E-03
        .4086061E-02        .2412913E-03
        .4290363E-02        .2533568E-03
        .4504881E-02        .2660257E-03
        .4730125E-02        .2793283E-03
        .4966631E-02        .2932961E-03
        .5214963E-02        .3079626E-03
        .5475710E-02        .3233627E-03
        .5749496E-02        .3395331E-03
        .6036970E-02        .3565123E-03
        .6338818E-02        .3743410E-03
        .6655759E-02        .3930615E-03
        .6988547E-02        .4127186E-03
        .7337974E-02        .4333592E-03
        .7704872E-02        .4550326E-03
        .8090115E-02        .4777905E-03
        .8494621E-02        .5016873E-03
        .8919351E-02        .5267801E-03
        .9365318E-02        .5531288E-03
        .9833584E-02        .5807966E-03
        .1032526E-01        .6098495E-03
        .1084153E-01        .6403571E-03
        .1138360E-01        .6723924E-03
        .1195278E-01        .7060323E-03
        .1255042E-01        .7413574E-03
        .1317794E-01        .7784525E-03
        .1383684E-01        .8174066E-03
        .1452868E-01        .8583133E-03
        .1525511E-01        .9012712E-03
        .1601786E-01        .9463836E-03
        .1681876E-01        .9937593E-03
        .1765969E-01        .1043513E-02
        .1854268E-01        .1095764E-02
        .1946981E-01        .1150640E-02
        .2044330E-01        .1208274E-02
        .2146546E-01        .1268805E-02
        .2253874E-01        .1332381E-02
        .2366567E-01        .1399158E-02
        .2484895E-01        .1469298E-02
        .2609140E-01        .1542974E-02
        .2739597E-01        .1620367E-02
        .2876577E-01        .1701669E-02
        .3020405E-01        .1787080E-02
        .3171426E-01        .1876813E-02
        .3329997E-01        .1971092E-02
        .3496496E-01        .2070155E-02
        .3671321E-01        .2174252E-02
        .3854887E-01        .2283645E-02
        .4047631E-01        .2398616E-02
        .4250012E-01        .2519460E-02
        .4462513E-01        .2646489E-02
        .4685638E-01        .2780037E-02
        .4919920E-01        .2920456E-02
        .5165916E-01        .3068118E-02
        .5424211E-01        .3223422E-02
        .5695422E-01        .3386790E-02
        .5980192E-01        .3558674E-02
        .6279202E-01        .3739552E-02
        .6593162E-01        .3929939E-02
        .6922819E-01        .4130383E-02
        .7268960E-01        .4341472E-02
        .7632408E-01        .4563835E-02
        .8014028E-01        .4798151E-02
        .8414729E-01        .5045149E-02
        .8835465E-01        .5305614E-02
        .9277237E-01        .5580398E-02
        .9741099E-01        .5870420E-02
        .1022815E+00        .6176678E-02
        .1073956E+00        .6500259E-02
        .1127654E+00        .6842346E-02
        .1184036E+00        .7204231E-02
        .1243238E+00        .7587330E-02
        .1305400E+00        .7993196E-02
        .1370670E+00        .8423537E-02
        .1439203E+00        .8880239E-02
        .1511164E+00        .9365385E-02
        .1586722E+00        .9881283E-02
        .1666058E+00        .1043050E-01
        .1749360E+00        .1101588E-01
        .1836828E+00        .1164063E-01
        .1928670E+00        .1230829E-01
        .2025103E+00        .1302287E-01
        .2126358E+00        .1378886E-01
        .2232676E+00        .1461129E-01
        .2344310E+00        .1549588E-01
        .2461525E+00        .1644906E-01
        .2584601E+00        .1747812E-01
        .2713831E+00        .1859131E-01
        .2849523E+00        .1979804E-01
        .2991999E+00        .2110896E-01
        .3141598E+00        .2253626E-01
        .3298678E+00        .2409379E-01
        .3463612E+00        .2579740E-01
        .3636792E+00        .2766519E-01
        .3818632E+00        .2971790E-01
        .4009563E+00        .3197926E-01
        .4210041E+00        .3447647E-01
        .4420543E+00        .3724076E-01
        .4641570E+00        .4030793E-01
        .4873648E+00        .4371913E-01
        .5117330E+00        .4752160E-01
        .5373197E+00        .5176962E-01
        .5641856E+00        .5652553E-01
        .5923949E+00        .6186092E-01
        .6220146E+00        .6785789E-01
        .6531153E+00        .7461054E-01
        .6857710E+00        .8222640E-01
        .7200595E+00        .9082795E-01
        .7560625E+00        .1005541E+00
        .7938656E+00        .1115609E+00
        .8335588E+00        .1240224E+00
        .8752367E+00        .1381294E+00
        .9189985E+00        .1540865E+00
        .9649484E+00        .1721068E+00
        .1013196E+01        .1924017E+00
        .1063855E+01        .2151656E+00
        .1117048E+01        .2405539E+00
        .1172901E+01        .2686538E+00
        .1231546E+01        .2994483E+00
        .1293123E+01        .3327761E+00
        .1357779E+01        .3682931E+00
        .1425668E+01        .4054428E+00
        .1496951E+01        .4434477E+00
        .1571799E+01        .4813286E+00
        .1650388E+01        .5179604E+00
        .1732908E+01        .5521581E+00
        .1819553E+01        .5827816E+00
        .1910531E+01        .6088381E+00
        .2006057E+01        .6295567E+00
        .2106360E+01        .6444254E+00
        .2211678E+01        .6531863E+00
        .2322261E+01        .6558059E+00
        .2438374E+01        .6524375E+00
        .2560293E+01        .6433890E+00
        .2688308E+01        .6290972E+00
        .2822723E+01        .6101007E+00
        .2963859E+01        .5870053E+00
        .3112052E+01        .5604448E+00
        .3267654E+01        .5310449E+00
        .3431037E+01        .4994027E+00
        .3602588E+01        .4660818E+00
        .3782717E+01        .4316173E+00
        .3971853E+01        .3965230E+00
        .4170446E+01        .3612933E+00
        .4378968E+01        .3263994E+00
        .4597916E+01        .2922828E+00
        .4827811E+01        .2593462E+00
        .5069202E+01        .2279448E+00
        .5322662E+01        .1983797E+00
        .5588794E+01        .1708915E+00
        .5868234E+01        .1456570E+00
        .6161645E+01        .1227881E+00
        .6469727E+01        .1023331E+00
        .6793213E+01        .8428025E-01
        .7132874E+01        .6856373E-01
        .7489517E+01        .5507118E-01
        .7863993E+01        .4365267E-01
        .8257192E+01        .3413032E-01
        .8670051E+01        .2630818E-01
        .9103553E+01        .1998152E-01
        .9558730E+01        .1494544E-01
        .1003667E+02        .1100201E-01
        .1053850E+02        .7966071E-02
        .1106542E+02        .5669362E-02
        .1161869E+02        .3963074E-02
        .1219963E+02        .2718993E-02
        .1280961E+02        .1829405E-02
        .1345009E+02        .1206042E-02
        .1412259E+02        .7783334E-03
        .1482872E+02        .4912395E-03
        .1557016E+02        .3028947E-03
        .1634866E+02        .1822547E-03
        .1716610E+02        .1068912E-03
        .1802440E+02        .6102942E-04
        .1892562E+02        .3387621E-04
        .1987190E+02        .1825568E-04
        .2086549E+02        .9536833E-05
        .2190877E+02        .4822051E-05
        .2300421E+02        .2355923E-05
        .2415441E+02        .1110278E-05
        .2536213E+02        .5037795E-06
        .2663024E+02        .2196544E-06
        .2796175E+02        .9184034E-07
        .2935984E+02        .3674350E-07
        .3082783E+02        .1403350E-07
        .3236922E+02        .5104759E-08
        .3398768E+02        .1762072E-08
        .3568706E+02        .5741286E-09
        .3747141E+02        .0000000E+00
        .3934498E+02        .0000000E+00
        .4131223E+02        .0000000E+00
        .4337783E+02        .0000000E+00
        .4554672E+02        .0000000E+00
        .4782406E+02        .0000000E+00
        .5021526E+02        .0000000E+00
        .5272602E+02        .0000000E+00
        .5536232E+02        .0000000E+00
        .5813043E+02        .0000000E+00
        .6103695E+02        .0000000E+00
        .6408879E+02        .0000000E+00
        .6729323E+02        .0000000E+00
        .7065789E+02        .0000000E+00
        .7419078E+02        .0000000E+00
        .7790032E+02        .0000000E+00
        .8179533E+02        .0000000E+00
        .8588509E+02        .0000000E+00
        .9017934E+02        .0000000E+00
        .9468830E+02        .0000000E+00
        .9942271E+02        .0000000E+00
        .1043938E+03        .0000000E+00
        .1096135E+03        .0000000E+00
        .1150942E+03        .0000000E+00
        .1208489E+03        .0000000E+00
        .1268913E+03        .0000000E+00
        .1332359E+03        .0000000E+00
        .1398977E+03        .0000000E+00
&END
