&ATOM  
 Z  =   53
 ZV =    7
 XC = 1100        .666667
 TYPE = NORMCONSERVING BHS
&END   
&INFO  
    ============================================================
    |    IODINE SGS PSEUDOPOTENTIAL                            |
    ============================================================
&END  
&POTENTIAL
    BHS
              3.0851    2.5200   -2.0851    1.0100
              2.2000      -44492.5373830        4005.6246908
              2.4900       16084.8432891       16612.5100420
              2.9100       28435.9801396        4252.2690705
              1.8100       -2630.1570134         241.8013714
              2.1400         674.4124760        1306.5649125
              2.6800        1978.4620608         403.6949706
              1.9200    -1066642.9779050       50386.0531248
              2.0500      838386.0385107      125974.6747932
              2.2900      228277.9435186       17100.2264438
&END 
&WAVEFUNCTION
       278      1.050000212
        .1886792E-03        .1781097E-04        .6229825E-08
        .1981132E-03        .1870152E-04        .6868381E-08
        .2080188E-03        .1963660E-04        .7572389E-08
        .2184198E-03        .2061843E-04        .8348559E-08
        .2293408E-03        .2164935E-04        .9204287E-08
        .2408078E-03        .2273181E-04        .1014773E-07
        .2528482E-03        .2386840E-04        .1118787E-07
        .2654906E-03        .2506182E-04        .1233463E-07
        .2787651E-03        .2631491E-04        .1359893E-07
        .2927033E-03        .2763066E-04        .1499282E-07
        .3073385E-03        .2901219E-04        .1652959E-07
        .3227054E-03        .3046280E-04        .1822388E-07
        .3388406E-03        .3198594E-04        .2009183E-07
        .3557826E-03        .3358524E-04        .2215124E-07
        .3735718E-03        .3526450E-04        .2442175E-07
        .3922503E-03        .3702772E-04        .2692498E-07
        .4118628E-03        .3887911E-04        .2968479E-07
        .4324559E-03        .4082306E-04        .3272749E-07
        .4540787E-03        .4286422E-04        .3608206E-07
        .4767826E-03        .4500743E-04        .3978048E-07
        .5006217E-03        .4725780E-04        .4385798E-07
        .5256528E-03        .4962070E-04        .4835343E-07
        .5519354E-03        .5210173E-04        .5330967E-07
        .5795322E-03        .5470682E-04        .5877392E-07
        .6085087E-03        .5744217E-04        .6479826E-07
        .6389342E-03        .6031428E-04        .7144009E-07
        .6708808E-03        .6333000E-04        .7876271E-07
        .7044248E-03        .6649651E-04        .8683590E-07
        .7396461E-03        .6982135E-04        .9573660E-07
        .7766283E-03        .7331242E-04        .1055496E-06
        .8154597E-03        .7697806E-04        .1163685E-06
        .8562326E-03        .8082698E-04        .1282963E-06
        .8990442E-03        .8486834E-04        .1414467E-06
        .9439964E-03        .8911178E-04        .1559450E-06
        .9911962E-03        .9356740E-04        .1719294E-06
        .1040756E-02        .9824579E-04        .1895522E-06
        .1092794E-02        .1031581E-03        .2089813E-06
        .1147433E-02        .1083161E-03        .2304019E-06
        .1204805E-02        .1137319E-03        .2540182E-06
        .1265045E-02        .1194186E-03        .2800551E-06
        .1328297E-02        .1253896E-03        .3087609E-06
        .1394712E-02        .1316591E-03        .3404090E-06
        .1464448E-02        .1382422E-03        .3753010E-06
        .1537670E-02        .1451544E-03        .4137695E-06
        .1614553E-02        .1524122E-03        .4561810E-06
        .1695281E-02        .1600329E-03        .5029397E-06
        .1780045E-02        .1680348E-03        .5544912E-06
        .1869047E-02        .1764367E-03        .6113268E-06
        .1962499E-02        .1852587E-03        .6739881E-06
        .2060624E-02        .1945219E-03        .7430722E-06
        .2163655E-02        .2042483E-03        .8192375E-06
        .2271838E-02        .2144611E-03        .9032098E-06
        .2385430E-02        .2251845E-03        .9957894E-06
        .2504701E-02        .2364442E-03        .1097858E-05
        .2629936E-02        .2482669E-03        .1210390E-05
        .2761433E-02        .2606809E-03        .1334456E-05
        .2899504E-02        .2737156E-03        .1471238E-05
        .3044479E-02        .2874022E-03        .1622042E-05
        .3196703E-02        .3017733E-03        .1788303E-05
        .3356538E-02        .3168631E-03        .1971606E-05
        .3524365E-02        .3327075E-03        .2173698E-05
        .3700583E-02        .3493443E-03        .2396504E-05
        .3885612E-02        .3668133E-03        .2642150E-05
        .4079892E-02        .3851559E-03        .2912974E-05
        .4283887E-02        .4044160E-03        .3211559E-05
        .4498081E-02        .4246395E-03        .3540749E-05
        .4722985E-02        .4458746E-03        .3903683E-05
        .4959134E-02        .4681719E-03        .4303820E-05
        .5207090E-02        .4915846E-03        .4744972E-05
        .5467445E-02        .5161687E-03        .5231344E-05
        .5740817E-02        .5419826E-03        .5767572E-05
        .6027857E-02        .5690882E-03        .6358767E-05
        .6329250E-02        .5975501E-03        .7010563E-05
        .6645712E-02        .6274362E-03        .7729173E-05
        .6977997E-02        .6588180E-03        .8521446E-05
        .7326897E-02        .6917705E-03        .9394934E-05
        .7693241E-02        .7263725E-03        .1035796E-04
        .8077903E-02        .7627066E-03        .1141971E-04
        .8481798E-02        .8008599E-03        .1259031E-04
        .8905887E-02        .8409237E-03        .1388090E-04
        .9351181E-02        .8829940E-03        .1530379E-04
        .9818740E-02        .9271716E-03        .1687256E-04
        .1030968E-01        .9735624E-03        .1860215E-04
        .1082516E-01        .1022278E-02        .2050906E-04
        .1136642E-01        .1073435E-02        .2261147E-04
        .1193474E-01        .1127157E-02        .2492942E-04
        .1253147E-01        .1183573E-02        .2748502E-04
        .1315805E-01        .1242819E-02        .3030264E-04
        .1381595E-01        .1305037E-02        .3340916E-04
        .1450675E-01        .1370379E-02        .3683420E-04
        .1523208E-01        .1439002E-02        .4061043E-04
        .1599369E-01        .1511073E-02        .4477388E-04
        .1679337E-01        .1586767E-02        .4936428E-04
        .1763304E-01        .1666267E-02        .5442543E-04
        .1851469E-01        .1749767E-02        .6000563E-04
        .1944042E-01        .1837472E-02        .6615813E-04
        .2041244E-01        .1929597E-02        .7294169E-04
        .2143306E-01        .2026367E-02        .8042106E-04
        .2250471E-01        .2128022E-02        .8866768E-04
        .2362995E-01        .2234812E-02        .9776033E-04
        .2481144E-01        .2347004E-02        .1077859E-03
        .2605202E-01        .2464876E-02        .1188401E-03
        .2735462E-01        .2588723E-02        .1310288E-03
        .2872234E-01        .2718859E-02        .1444684E-03
        .3015846E-01        .2855612E-02        .1592876E-03
        .3166638E-01        .2999330E-02        .1756281E-03
        .3324970E-01        .3150381E-02        .1936465E-03
        .3491218E-01        .3309157E-02        .2135152E-03
        .3665779E-01        .3476069E-02        .2354249E-03
        .3849068E-01        .3651557E-02        .2595855E-03
        .4041521E-01        .3836085E-02        .2862289E-03
        .4243597E-01        .4030147E-02        .3156110E-03
        .4455777E-01        .4234268E-02        .3480142E-03
        .4678565E-01        .4449007E-02        .3837501E-03
        .4912493E-01        .4674962E-02        .4231628E-03
        .5158118E-01        .4912767E-02        .4666322E-03
        .5416023E-01        .5163103E-02        .5145777E-03
        .5686824E-01        .5426697E-02        .5674625E-03
        .5971165E-01        .5704330E-02        .6257982E-03
        .6269723E-01        .5996840E-02        .6901502E-03
        .6583209E-01        .6305128E-02        .7611429E-03
        .6912369E-01        .6630165E-02        .8394667E-03
        .7257987E-01        .6972999E-02        .9258846E-03
        .7620886E-01        .7334767E-02        .1021240E-02
        .8001930E-01        .7716697E-02        .1126468E-02
        .8402026E-01        .8120128E-02        .1242599E-02
        .8822127E-01        .8546515E-02        .1370778E-02
        .9263233E-01        .8997449E-02        .1512269E-02
        .9726394E-01        .9474670E-02        .1668475E-02
        .1021271E+00        .9980086E-02        .1840950E-02
        .1072335E+00        .1051580E-01        .2031417E-02
        .1125952E+00        .1108412E-01        .2241786E-02
        .1182249E+00        .1168761E-01        .2474180E-02
        .1241362E+00        .1232910E-01        .2730954E-02
        .1303430E+00        .1301175E-01        .3014727E-02
        .1368601E+00        .1373907E-01        .3328412E-02
        .1437031E+00        .1451498E-01        .3675251E-02
        .1508882E+00        .1534386E-01        .4058857E-02
        .1584326E+00        .1623065E-01        .4483258E-02
        .1663543E+00        .1718088E-01        .4952949E-02
        .1746720E+00        .1820082E-01        .5472952E-02
        .1834056E+00        .1929752E-01        .6048887E-02
        .1925758E+00        .2047901E-01        .6687044E-02
        .2022046E+00        .2175436E-01        .7394475E-02
        .2123148E+00        .2313393E-01        .8179099E-02
        .2229306E+00        .2462952E-01        .9049814E-02
        .2340771E+00        .2625461E-01        .1001664E-01
        .2457809E+00        .2802461E-01        .1109086E-01
        .2580700E+00        .2995721E-01        .1228522E-01
        .2709735E+00        .3207272E-01        .1361414E-01
        .2845221E+00        .3439449E-01        .1509391E-01
        .2987482E+00        .3694940E-01        .1674302E-01
        .3136856E+00        .3976845E-01        .1858246E-01
        .3293699E+00        .4288741E-01        .2063609E-01
        .3458383E+00        .4634760E-01        .2293108E-01
        .3631302E+00        .5019676E-01        .2549836E-01
        .3812867E+00        .5449007E-01        .2837325E-01
        .4003511E+00        .5929132E-01        .3159604E-01
        .4203686E+00        .6467420E-01        .3521279E-01
        .4413870E+00        .7072377E-01        .3927608E-01
        .4634563E+00        .7753809E-01        .4384603E-01
        .4866291E+00        .8522993E-01        .4899126E-01
        .5109606E+00        .9392866E-01        .5479006E-01
        .5365086E+00        .1037820E+00        .6133155E-01
        .5633340E+00        .1149580E+00        .6871698E-01
        .5915006E+00        .1276460E+00        .7706093E-01
        .6210756E+00        .1420583E+00        .8649243E-01
        .6521294E+00        .1584290E+00        .9715589E-01
        .6847358E+00        .1770132E+00        .1092115E+00
        .7189726E+00        .1980824E+00        .1228350E+00
        .7549212E+00        .2219168E+00        .1382162E+00
        .7926672E+00        .2487931E+00        .1555559E+00
        .8323005E+00        .2789655E+00        .1750606E+00
        .8739155E+00        .3126385E+00        .1969333E+00
        .9176112E+00        .3499308E+00        .2213612E+00
        .9634918E+00        .3908286E+00        .2484972E+00
        .1011666E+01        .4351307E+00        .2784362E+00
        .1062250E+01        .4823888E+00        .3111846E+00
        .1115362E+01        .5318530E+00        .3466259E+00
        .1171130E+01        .5824336E+00        .3844827E+00
        .1229686E+01        .6326973E+00        .4242829E+00
        .1291171E+01        .6809135E+00        .4653355E+00
        .1355729E+01        .7251599E+00        .5067266E+00
        .1423516E+01        .7634859E+00        .5473439E+00
        .1494691E+01        .7941102E+00        .5859350E+00
        .1569426E+01        .8156147E+00        .6211980E+00
        .1647897E+01        .8270914E+00        .6518935E+00
        .1730292E+01        .8282071E+00        .6769567E+00
        .1816806E+01        .8191766E+00        .6955893E+00
        .1907647E+01        .8006646E+00        .7073101E+00
        .2003029E+01        .7736543E+00        .7119578E+00
        .2103180E+01        .7393223E+00        .7096546E+00
        .2208339E+01        .6989417E+00        .7007455E+00
        .2318756E+01        .6538186E+00        .6857339E+00
        .2434694E+01        .6052499E+00        .6652282E+00
        .2556428E+01        .5544915E+00        .6399017E+00
        .2684249E+01        .5027292E+00        .6104657E+00
        .2818462E+01        .4510516E+00        .5776508E+00
        .2959385E+01        .4004270E+00        .5421897E+00
        .3107354E+01        .3516878E+00        .5048039E+00
        .3262721E+01        .3055197E+00        .4661900E+00
        .3425857E+01        .2624587E+00        .4270075E+00
        .3597150E+01        .2228922E+00        .3878697E+00
        .3777007E+01        .1870660E+00        .3493356E+00
        .3965858E+01        .1550945E+00        .3119027E+00
        .4164150E+01        .1269750E+00        .2760027E+00
        .4372358E+01        .1026035E+00        .2419971E+00
        .4590975E+01        .8179270E-01        .2101757E+00
        .4820524E+01        .6429030E-01        .1807559E+00
        .5061550E+01        .4979789E-01        .1538835E+00
        .5314627E+01        .3798851E-01        .1296357E+00
        .5580358E+01        .2852308E-01        .1080249E+00
        .5859376E+01        .2106476E-01        .8900565E-01
        .6152344E+01        .1529081E-01        .7248099E-01
        .6459961E+01        .1090190E-01        .5831159E-01
        .6782959E+01        .7628505E-02        .4632474E-01
        .7122106E+01        .5234724E-02        .3632396E-01
        .7478211E+01        .3519649E-02        .2809833E-01
        .7852122E+01        .2316709E-02        .2143136E-01
        .8244727E+01        .1491438E-02        .1610883E-01
        .8656963E+01        .9381525E-03        .1192542E-01
        .9089811E+01        .5760047E-03        .8689897E-02
        .9544301E+01        .3448153E-03        .6228832E-02
        .1002152E+02        .2010255E-03        .4388863E-02
        .1052259E+02        .1139952E-03        .3037623E-02
        .1104872E+02        .6279534E-04        .2063548E-02
        .1160116E+02        .3355629E-04        .1374783E-02
        .1218121E+02        .1736963E-04        .8974472E-03
        .1279027E+02        .8695675E-05        .5734950E-03
        .1342979E+02        .4203362E-05        .3583942E-03
        .1410127E+02        .1958453E-05        .2187962E-03
        .1480634E+02        .8779083E-06        .1303388E-03
        .1554665E+02        .3778799E-06        .7567295E-04
        .1632399E+02        .1558572E-06        .4276492E-04
        .1714018E+02        .6146324E-07        .2349245E-04
        .1799719E+02        .2312134E-07        .1252683E-04
        .1889705E+02        .8276611E-08        .6473961E-05
        .1984190E+02        .2812038E-08        .3237592E-05
        .2083400E+02        .9042849E-09        .1564104E-05
        .2187570E+02        .2745059E-09        .7286647E-06
        .2296948E+02        .7824755E-10        .3267329E-06
        .2411795E+02        .2072752E-10        .1407340E-06
        .2532385E+02        .0000000E+00        .5810861E-07
        .2659004E+02        .0000000E+00        .2294789E-07
        .2791954E+02        .0000000E+00        .8648135E-08
        .2931552E+02        .0000000E+00        .3099657E-08
        .3078129E+02        .0000000E+00        .1051667E-08
        .3232035E+02        .0000000E+00        .0000000E+00
        .3393637E+02        .0000000E+00        .0000000E+00
        .3563319E+02        .0000000E+00        .0000000E+00
        .3741485E+02        .0000000E+00        .0000000E+00
        .3928559E+02        .0000000E+00        .0000000E+00
        .4124986E+02        .0000000E+00        .0000000E+00
        .4331235E+02        .0000000E+00        .0000000E+00
        .4547797E+02        .0000000E+00        .0000000E+00
        .4775187E+02        .0000000E+00        .0000000E+00
        .5013946E+02        .0000000E+00        .0000000E+00
        .5264643E+02        .0000000E+00        .0000000E+00
        .5527875E+02        .0000000E+00        .0000000E+00
        .5804268E+02        .0000000E+00        .0000000E+00
        .6094481E+02        .0000000E+00        .0000000E+00
        .6399205E+02        .0000000E+00        .0000000E+00
        .6719165E+02        .0000000E+00        .0000000E+00
        .7055123E+02        .0000000E+00        .0000000E+00
        .7407879E+02        .0000000E+00        .0000000E+00
        .7778272E+02        .0000000E+00        .0000000E+00
        .8167186E+02        .0000000E+00        .0000000E+00
        .8575545E+02        .0000000E+00        .0000000E+00
        .9004321E+02        .0000000E+00        .0000000E+00
        .9454537E+02        .0000000E+00        .0000000E+00
        .9927263E+02        .0000000E+00        .0000000E+00
        .1042363E+03        .0000000E+00        .0000000E+00
        .1094481E+03        .0000000E+00        .0000000E+00
        .1149205E+03        .0000000E+00        .0000000E+00
        .1206665E+03        .0000000E+00        .0000000E+00
        .1266998E+03        .0000000E+00        .0000000E+00
        .1330348E+03        .0000000E+00        .0000000E+00
        .1396865E+03        .0000000E+00        .0000000E+00
&END
