&ATOM  
 Z  =    3
 ZV =    1
 XC = 1100        .666667
 TYPE = NORMCONSERVING BHS
&END   
&INFO  
    ============================================================
    |    LITHIUM SGS PSEUDOPOTENTIAL                           |
    ============================================================
&END  
&POTENTIAL
    BHS
              2.9050    1.8400   -1.9050     .7300
              1.1300      -51351.8108496        1792.2226681
              1.2400       17463.2347419        7157.1184507
              1.3900       33891.6221527        1784.8086101
               .8100          -1.3036554            .3824705
              4.7400            .2616283          18.8517526
              5.8300           2.0792951         -14.8330102
               .4000       12888.3404212        -208.5190639
               .4500       -8687.5282321        -700.3917260
               .5500       -4198.6764635        -156.5548003
&END 
&WAVEFUNCTION
       219      1.050000105
        .3333333E-02        .4389092E-03
        .3500000E-02        .4608547E-03
        .3675000E-02        .4838974E-03
        .3858749E-02        .5080923E-03
        .4051687E-02        .5334969E-03
        .4254271E-02        .5601718E-03
        .4466984E-02        .5881805E-03
        .4690333E-02        .6175897E-03
        .4924850E-02        .6484693E-03
        .5171092E-02        .6808930E-03
        .5429646E-02        .7149379E-03
        .5701128E-02        .7506852E-03
        .5986184E-02        .7882199E-03
        .6285493E-02        .8276314E-03
        .6599768E-02        .8690136E-03
        .6929756E-02        .9124651E-03
        .7276243E-02        .9580893E-03
        .7640055E-02        .1005995E-02
        .8022057E-02        .1056296E-02
        .8423160E-02        .1109112E-02
        .8844317E-02        .1164570E-02
        .9286533E-02        .1222800E-02
        .9750859E-02        .1283943E-02
        .1023840E-01        .1348143E-02
        .1075032E-01        .1415553E-02
        .1128784E-01        .1486335E-02
        .1185223E-01        .1560656E-02
        .1244484E-01        .1638695E-02
        .1306708E-01        .1720636E-02
        .1372043E-01        .1806675E-02
        .1440645E-01        .1897017E-02
        .1512678E-01        .1991878E-02
        .1588311E-01        .2091483E-02
        .1667727E-01        .2196070E-02
        .1751113E-01        .2305889E-02
        .1838669E-01        .2421201E-02
        .1930602E-01        .2542282E-02
        .2027132E-01        .2669420E-02
        .2128489E-01        .2802919E-02
        .2234913E-01        .2943097E-02
        .2346659E-01        .3090289E-02
        .2463991E-01        .3244847E-02
        .2587191E-01        .3407139E-02
        .2716550E-01        .3577554E-02
        .2852378E-01        .3756499E-02
        .2994996E-01        .3944402E-02
        .3144746E-01        .4141712E-02
        .3301983E-01        .4348902E-02
        .3467082E-01        .4566468E-02
        .3640436E-01        .4794931E-02
        .3822458E-01        .5034839E-02
        .4013581E-01        .5286769E-02
        .4214259E-01        .5551324E-02
        .4424972E-01        .5829142E-02
        .4646221E-01        .6120890E-02
        .4878531E-01        .6427272E-02
        .5122458E-01        .6749026E-02
        .5378580E-01        .7086929E-02
        .5647509E-01        .7441799E-02
        .5929884E-01        .7814495E-02
        .6226378E-01        .8205921E-02
        .6537697E-01        .8617029E-02
        .6864581E-01        .9048821E-02
        .7207810E-01        .9502351E-02
        .7568200E-01        .9978729E-02
        .7946610E-01        .1047913E-01
        .8343940E-01        .1100477E-01
        .8761137E-01        .1155697E-01
        .9199193E-01        .1213708E-01
        .9659152E-01        .1274656E-01
        .1014211E+00        .1338693E-01
        .1064921E+00        .1405979E-01
        .1118167E+00        .1476686E-01
        .1174076E+00        .1550992E-01
        .1232780E+00        .1629088E-01
        .1294418E+00        .1711175E-01
        .1359139E+00        .1797467E-01
        .1427096E+00        .1888189E-01
        .1498451E+00        .1983582E-01
        .1573373E+00        .2083900E-01
        .1652042E+00        .2189414E-01
        .1734644E+00        .2300413E-01
        .1821376E+00        .2417204E-01
        .1912445E+00        .2540116E-01
        .2008067E+00        .2669499E-01
        .2108470E+00        .2805728E-01
        .2213894E+00        .2949206E-01
        .2324588E+00        .3100366E-01
        .2440818E+00        .3259672E-01
        .2562858E+00        .3427625E-01
        .2691001E+00        .3604767E-01
        .2825551E+00        .3791685E-01
        .2966828E+00        .3989013E-01
        .3115170E+00        .4197443E-01
        .3270928E+00        .4417728E-01
        .3434474E+00        .4650690E-01
        .3606198E+00        .4897230E-01
        .3786508E+00        .5158335E-01
        .3975833E+00        .5435092E-01
        .4174624E+00        .5728697E-01
        .4383355E+00        .6040474E-01
        .4602523E+00        .6371885E-01
        .4832649E+00        .6724554E-01
        .5074281E+00        .7100283E-01
        .5327995E+00        .7501075E-01
        .5594394E+00        .7929160E-01
        .5874114E+00        .8387021E-01
        .6167819E+00        .8877425E-01
        .6476210E+00        .9403451E-01
        .6800020E+00        .9968521E-01
        .7140021E+00        .1057644E+00
        .7497021E+00        .1123140E+00
        .7871872E+00        .1193806E+00
        .8265465E+00        .1270150E+00
        .8678738E+00        .1352725E+00
        .9112675E+00        .1442130E+00
        .9568308E+00        .1539002E+00
        .1004672E+01        .1644007E+00
        .1054906E+01        .1757829E+00
        .1107651E+01        .1881142E+00
        .1163034E+01        .2014578E+00
        .1221185E+01        .2158684E+00
        .1282244E+01        .2313853E+00
        .1346357E+01        .2480249E+00
        .1413674E+01        .2657712E+00
        .1484358E+01        .2845650E+00
        .1558576E+01        .3042936E+00
        .1636505E+01        .3247820E+00
        .1718330E+01        .3457881E+00
        .1804246E+01        .3670044E+00
        .1894458E+01        .3880683E+00
        .1989181E+01        .4085812E+00
        .2088640E+01        .4281349E+00
        .2193072E+01        .4463399E+00
        .2302725E+01        .4628505E+00
        .2417862E+01        .4773794E+00
        .2538755E+01        .4897001E+00
        .2665692E+01        .4996380E+00
        .2798977E+01        .5070549E+00
        .2938925E+01        .5118365E+00
        .3085872E+01        .5138855E+00
        .3240165E+01        .5131236E+00
        .3402173E+01        .5094989E+00
        .3572282E+01        .5029946E+00
        .3750895E+01        .4936361E+00
        .3938440E+01        .4814946E+00
        .4135362E+01        .4666889E+00
        .4342130E+01        .4493845E+00
        .4559236E+01        .4297924E+00
        .4787198E+01        .4081665E+00
        .5026557E+01        .3847992E+00
        .5277885E+01        .3600160E+00
        .5541779E+01        .3341678E+00
        .5818868E+01        .3076257E+00
        .6109811E+01        .2807687E+00
        .6415301E+01        .2539742E+00
        .6736066E+01        .2276078E+00
        .7072869E+01        .2020127E+00
        .7426512E+01        .1774995E+00
        .7797837E+01        .1543377E+00
        .8187728E+01        .1327486E+00
        .8597114E+01        .1129001E+00
        .9026970E+01        .9490421E-01
        .9478318E+01        .7881721E-01
        .9952233E+01        .6464202E-01
        .1044984E+02        .5233316E-01
        .1097234E+02        .4180343E-01
        .1152095E+02        .3293204E-01
        .1209700E+02        .2557337E-01
        .1270185E+02        .1956599E-01
        .1333694E+02        .1474116E-01
        .1400379E+02        .1093038E-01
        .1470398E+02        .7971812E-02
        .1543917E+02        .5715098E-02
        .1621113E+02        .4024796E-02
        .1702169E+02        .2782313E-02
        .1787277E+02        .1886583E-02
        .1876641E+02        .1253707E-02
        .1970473E+02        .8158000E-03
        .2068996E+02        .5193126E-03
        .2172446E+02        .3230682E-03
        .2281068E+02        .1962063E-03
        .2395122E+02        .1161956E-03
        .2514878E+02        .6701875E-04
        .2640621E+02        .3759838E-04
        .2772652E+02        .2048863E-04
        .2911285E+02        .1082925E-04
        .3056849E+02        .5543179E-05
        .3209691E+02        .2743407E-05
        .3370176E+02        .1310533E-05
        .3538684E+02        .6031777E-06
        .3715618E+02        .2669632E-06
        .3901399E+02        .1133939E-06
        .4096469E+02        .4612461E-07
        .4301292E+02        .1792702E-07
        .4516356E+02        .6641480E-08
        .4742174E+02        .2339705E-08
        .4979283E+02        .7807268E-09
        .5228246E+02        .2452959E-09
        .5489658E+02        .0000000E+00
        .5764141E+02        .0000000E+00
        .6052348E+02        .0000000E+00
        .6354965E+02        .0000000E+00
        .6672713E+02        .0000000E+00
        .7006348E+02        .0000000E+00
        .7356665E+02        .0000000E+00
        .7724498E+02        .0000000E+00
        .8110723E+02        .0000000E+00
        .8516259E+02        .0000000E+00
        .8942071E+02        .0000000E+00
        .9389174E+02        .0000000E+00
        .9858633E+02        .0000000E+00
        .1035156E+03        .0000000E+00
        .1086914E+03        .0000000E+00
        .1141260E+03        .0000000E+00
        .1198323E+03        .0000000E+00
        .1258239E+03        .0000000E+00
        .1321151E+03        .0000000E+00
        .1387208E+03        .0000000E+00
&END
