&ATOM  
 Z  =   12
 ZV =    2
 XC = 1100        .666667
 TYPE = NORMCONSERVING BHS
&END   
&INFO  
    ============================================================
    |    MAGNESIUM SGS PSEUDOPOTENTIAL                         |
    ============================================================
&END  
&POTENTIAL
    BHS
              3.5584    2.0400   -2.5584     .8100
              1.4000     -113011.9529429        4464.7352022
              1.5200       64382.8270358       15187.6242142
              1.7100       48636.4402166        3154.3394954
               .8200          23.5094789          -2.9628374
              1.3600         142.5211299         -38.2315177
              1.6800        -160.6442070         -22.2184836
               .5400        4174.2083982        -126.6461521
               .6400       -2389.9638175        -506.5560482
               .8400       -1779.2247658        -143.5430972
&END 
&WAVEFUNCTION
       248      1.049999922
        .8333333E-03        .1088791E-03
        .8749999E-03        .1143231E-03
        .9187499E-03        .1200392E-03
        .9646873E-03        .1260412E-03
        .1012922E-02        .1323433E-03
        .1063568E-02        .1389604E-03
        .1116746E-02        .1459084E-03
        .1172583E-02        .1532039E-03
        .1231212E-02        .1608641E-03
        .1292773E-02        .1689073E-03
        .1357412E-02        .1773526E-03
        .1425282E-02        .1862203E-03
        .1496546E-02        .1955313E-03
        .1571373E-02        .2053079E-03
        .1649942E-02        .2155733E-03
        .1732439E-02        .2263520E-03
        .1819061E-02        .2376696E-03
        .1910014E-02        .2495531E-03
        .2005514E-02        .2620308E-03
        .2105790E-02        .2751324E-03
        .2211079E-02        .2888891E-03
        .2321633E-02        .3033336E-03
        .2437715E-02        .3185004E-03
        .2559600E-02        .3344255E-03
        .2687580E-02        .3511469E-03
        .2821959E-02        .3687044E-03
        .2963057E-02        .3871398E-03
        .3111210E-02        .4064970E-03
        .3266770E-02        .4268220E-03
        .3430108E-02        .4481634E-03
        .3601614E-02        .4705719E-03
        .3781694E-02        .4941009E-03
        .3970779E-02        .5188063E-03
        .4169317E-02        .5447472E-03
        .4377783E-02        .5719851E-03
        .4596672E-02        .6005850E-03
        .4826505E-02        .6306151E-03
        .5067830E-02        .6621468E-03
        .5321222E-02        .6952552E-03
        .5587283E-02        .7300192E-03
        .5866646E-02        .7665216E-03
        .6159979E-02        .8048493E-03
        .6467977E-02        .8450937E-03
        .6791376E-02        .8873506E-03
        .7130944E-02        .9317208E-03
        .7487491E-02        .9783098E-03
        .7861865E-02        .1027229E-02
        .8254958E-02        .1078594E-02
        .8667706E-02        .1132529E-02
        .9101090E-02        .1189161E-02
        .9556145E-02        .1248625E-02
        .1003395E-01        .1311064E-02
        .1053565E-01        .1376625E-02
        .1106243E-01        .1445466E-02
        .1161555E-01        .1517751E-02
        .1219633E-01        .1593652E-02
        .1280614E-01        .1673349E-02
        .1344645E-01        .1757035E-02
        .1411877E-01        .1844907E-02
        .1482471E-01        .1937176E-02
        .1556595E-01        .2034062E-02
        .1634424E-01        .2135797E-02
        .1716145E-01        .2242623E-02
        .1801953E-01        .2354797E-02
        .1892050E-01        .2472586E-02
        .1986652E-01        .2596273E-02
        .2085985E-01        .2726153E-02
        .2190284E-01        .2862537E-02
        .2299798E-01        .3005752E-02
        .2414788E-01        .3156142E-02
        .2535527E-01        .3314068E-02
        .2662304E-01        .3479909E-02
        .2795419E-01        .3654064E-02
        .2935189E-01        .3836951E-02
        .3081949E-01        .4029012E-02
        .3236046E-01        .4230710E-02
        .3397848E-01        .4442531E-02
        .3567740E-01        .4664989E-02
        .3746127E-01        .4898621E-02
        .3933434E-01        .5143996E-02
        .4130105E-01        .5401710E-02
        .4336610E-01        .5672390E-02
        .4553440E-01        .5956698E-02
        .4781112E-01        .6255330E-02
        .5020168E-01        .6569020E-02
        .5271176E-01        .6898539E-02
        .5534734E-01        .7244703E-02
        .5811471E-01        .7608370E-02
        .6102044E-01        .7990446E-02
        .6407146E-01        .8391888E-02
        .6727503E-01        .8813704E-02
        .7063878E-01        .9256962E-02
        .7417071E-01        .9722789E-02
        .7787924E-01        .1021238E-01
        .8177320E-01        .1072699E-01
        .8586186E-01        .1126796E-01
        .9015495E-01        .1183671E-01
        .9466269E-01        .1243474E-01
        .9939582E-01        .1306365E-01
        .1043656E+00        .1372514E-01
        .1095839E+00        .1442102E-01
        .1150631E+00        .1515321E-01
        .1208162E+00        .1592376E-01
        .1268570E+00        .1673489E-01
        .1331999E+00        .1758892E-01
        .1398599E+00        .1848839E-01
        .1468528E+00        .1943600E-01
        .1541955E+00        .2043466E-01
        .1619052E+00        .2148749E-01
        .1700005E+00        .2259789E-01
        .1785005E+00        .2376951E-01
        .1874255E+00        .2500631E-01
        .1967968E+00        .2631260E-01
        .2066366E+00        .2769307E-01
        .2169685E+00        .2915284E-01
        .2278169E+00        .3069751E-01
        .2392077E+00        .3233320E-01
        .2511681E+00        .3406667E-01
        .2637265E+00        .3590536E-01
        .2769128E+00        .3785746E-01
        .2907584E+00        .3993208E-01
        .3052963E+00        .4213931E-01
        .3205611E+00        .4449037E-01
        .3365891E+00        .4699778E-01
        .3534186E+00        .4967554E-01
        .3710895E+00        .5253931E-01
        .3896440E+00        .5560668E-01
        .4091261E+00        .5889741E-01
        .4295824E+00        .6243373E-01
        .4510615E+00        .6624073E-01
        .4736146E+00        .7034668E-01
        .4972953E+00        .7478353E-01
        .5221600E+00        .7958732E-01
        .5482680E+00        .8479880E-01
        .5756814E+00        .9046390E-01
        .6044654E+00        .9663440E-01
        .6346887E+00        .1033685E+00
        .6664231E+00        .1107316E+00
        .6997442E+00        .1187964E+00
        .7347314E+00        .1276439E+00
        .7714679E+00        .1373632E+00
        .8100412E+00        .1480516E+00
        .8505433E+00        .1598139E+00
        .8930704E+00        .1727606E+00
        .9377239E+00        .1870060E+00
        .9846100E+00        .2026636E+00
        .1033840E+01        .2198404E+00
        .1085532E+01        .2386285E+00
        .1139809E+01        .2590935E+00
        .1196799E+01        .2812608E+00
        .1256639E+01        .3050977E+00
        .1319471E+01        .3304948E+00
        .1385445E+01        .3572471E+00
        .1454717E+01        .3850380E+00
        .1527453E+01        .4134318E+00
        .1603825E+01        .4418779E+00
        .1684016E+01        .4697308E+00
        .1768217E+01        .4962882E+00
        .1856628E+01        .5208421E+00
        .1949459E+01        .5427353E+00
        .2046932E+01        .5614124E+00
        .2149279E+01        .5764517E+00
        .2256742E+01        .5875737E+00
        .2369579E+01        .5946260E+00
        .2488058E+01        .5975549E+00
        .2612461E+01        .5963756E+00
        .2743084E+01        .5911530E+00
        .2880238E+01        .5819948E+00
        .3024250E+01        .5690547E+00
        .3175462E+01        .5525390E+00
        .3334235E+01        .5327101E+00
        .3500947E+01        .5098855E+00
        .3675994E+01        .4844325E+00
        .3859794E+01        .4567606E+00
        .4052783E+01        .4273116E+00
        .4255422E+01        .3965503E+00
        .4468193E+01        .3649522E+00
        .4691602E+01        .3329936E+00
        .4926182E+01        .3011390E+00
        .5172491E+01        .2698303E+00
        .5431115E+01        .2394753E+00
        .5702671E+01        .2104380E+00
        .5987804E+01        .1830298E+00
        .6287194E+01        .1575029E+00
        .6601553E+01        .1340462E+00
        .6931631E+01        .1127831E+00
        .7278212E+01        .9377294E-01
        .7642122E+01        .7701400E-01
        .8024228E+01        .6244962E-01
        .8425439E+01        .4997598E-01
        .8846711E+01        .3945125E-01
        .9289046E+01        .3070552E-01
        .9753498E+01        .2355090E-01
        .1024117E+02        .1779108E-01
        .1075323E+02        .1322992E-01
        .1129089E+02        .9678619E-02
        .1185544E+02        .6961408E-02
        .1244821E+02        .4919448E-02
        .1307062E+02        .3413184E-02
        .1372415E+02        .2323241E-02
        .1441035E+02        .1550116E-02
        .1513087E+02        .1012953E-02
        .1588741E+02        .6476844E-03
        .1668178E+02        .4048115E-03
        .1751587E+02        .2470561E-03
        .1839166E+02        .1470617E-03
        .1931125E+02        .8527928E-04
        .2027681E+02        .4811410E-04
        .2129065E+02        .2637522E-04
        .2235518E+02        .1402785E-04
        .2347294E+02        .7227671E-05
        .2464658E+02        .3601813E-05
        .2587891E+02        .1733098E-05
        .2717285E+02        .8037592E-06
        .2853149E+02        .3585980E-06
        .2995807E+02        .1536037E-06
        .3145597E+02        .6303620E-07
        .3302877E+02        .2472923E-07
        .3468020E+02        .9251755E-08
        .3641421E+02        .3293041E-08
        .3823492E+02        .1110885E-08
        .4014667E+02        .3531408E-09
        .4215400E+02        .0000000E+00
        .4426169E+02        .0000000E+00
        .4647478E+02        .0000000E+00
        .4879851E+02        .0000000E+00
        .5123844E+02        .0000000E+00
        .5380036E+02        .0000000E+00
        .5649037E+02        .0000000E+00
        .5931489E+02        .0000000E+00
        .6228063E+02        .0000000E+00
        .6539466E+02        .0000000E+00
        .6866439E+02        .0000000E+00
        .7209760E+02        .0000000E+00
        .7570248E+02        .0000000E+00
        .7948760E+02        .0000000E+00
        .8346198E+02        .0000000E+00
        .8763507E+02        .0000000E+00
        .9201682E+02        .0000000E+00
        .9661766E+02        .0000000E+00
        .1014485E+03        .0000000E+00
        .1065210E+03        .0000000E+00
        .1118470E+03        .0000000E+00
        .1174393E+03        .0000000E+00
        .1233113E+03        .0000000E+00
        .1294769E+03        .0000000E+00
        .1359507E+03        .0000000E+00
        .1427482E+03        .0000000E+00
&END
