&ATOM
 Z  =    7
 ZV =    5
 XC = 1312        .666667
 TYPE = NORMCONSERVING NUMERICAL MT
&END
&INFO
Nitrogen  MT 2s2 2p3  BLYP rc =1.12 1.12
&END
 &WAVEFUNCTIONS
 144 0.625000000000000000E-01
 0.261651980000000015E-02 0.227923819999999991E-02 0.288990590000000004E-04
 0.278527090000000015E-02 0.242623799999999983E-02 0.327468580000000016E-04
 0.296490540000000002E-02 0.258271890000000021E-02 0.371069669999999987E-04
 0.315612540000000021E-02 0.274929220000000004E-02 0.420475939999999973E-04
 0.335967800000000006E-02 0.292660910000000019E-02 0.476460269999999980E-04
 0.357635860000000017E-02 0.311536260000000020E-02 0.539898430000000003E-04
 0.380701390000000002E-02 0.331629020000000002E-02 0.611782769999999937E-04
 0.405254520000000035E-02 0.353017749999999996E-02 0.693237760000000030E-04
 0.431391190000000001E-02 0.375786020000000009E-02 0.785537509999999992E-04
 0.459213530000000033E-02 0.400022850000000037E-02 0.890125759999999965E-04
 0.488830259999999996E-02 0.425822959999999986E-02 0.100863840000000004E-03
 0.520357099999999972E-02 0.453287220000000036E-02 0.114292900000000005E-03
 0.553917249999999993E-02 0.482522979999999973E-02 0.129509800000000011E-03
 0.589641850000000023E-02 0.513644540000000004E-02 0.146752509999999989E-03
 0.627670480000000041E-02 0.546773579999999988E-02 0.166290680000000002E-03
 0.668151750000000027E-02 0.582039640000000039E-02 0.188429850000000013E-03
 0.711243830000000011E-02 0.619580610000000035E-02 0.213516189999999993E-03
 0.757115119999999999E-02 0.659543309999999997E-02 0.241941949999999992E-03
 0.805944850000000004E-02 0.702084039999999968E-02 0.274151529999999981E-03
 0.857923829999999998E-02 0.747369199999999966E-02 0.310648460000000016E-03
 0.913255160000000024E-02 0.795575960000000082E-02 0.352003220000000026E-03
 0.972155060000000001E-02 0.846892940000000018E-02 0.398862130000000013E-03
 0.103485369999999997E-01 0.901520970000000040E-02 0.451957469999999975E-03
 0.110159600000000000E-01 0.959673880000000076E-02 0.512118800000000048E-03
 0.117264280000000005E-01 0.102157940000000003E-01 0.580285939999999976E-03
 0.124827180000000003E-01 0.108747979999999998E-01 0.657523559999999957E-03
 0.132877840000000004E-01 0.115763350000000001E-01 0.745037710000000025E-03
 0.141447729999999994E-01 0.123231520000000004E-01 0.844194550000000013E-03
 0.150570319999999997E-01 0.131181770000000000E-01 0.956541530000000039E-03
 0.160281269999999997E-01 0.139645289999999998E-01 0.108383140000000008E-02
 0.170618529999999984E-01 0.148655279999999994E-01 0.122804909999999997E-02
 0.181622479999999989E-01 0.158247120000000012E-01 0.139144300000000002E-02
 0.193336120000000000E-01 0.168458480000000001E-01 0.157655870000000006E-02
 0.205805229999999999E-01 0.179329519999999985E-01 0.178627879999999992E-02
 0.219078519999999985E-01 0.190902990000000015E-01 0.202386720000000001E-02
 0.233207869999999991E-01 0.203224479999999999E-01 0.229301860000000017E-02
 0.248248489999999995E-01 0.216342560000000010E-01 0.259791520000000019E-02
 0.264259139999999983E-01 0.230309000000000000E-01 0.294329050000000005E-02
 0.281302390000000013E-01 0.245178979999999998E-01 0.333450070000000003E-02
 0.299444840000000004E-01 0.261011369999999999E-01 0.377760560000000006E-02
 0.318757370000000012E-01 0.277868930000000000E-01 0.427945979999999962E-02
 0.339315459999999999E-01 0.295818600000000015E-01 0.484781509999999971E-02
 0.361199420000000021E-01 0.314931849999999999E-01 0.549143509999999984E-02
 0.384494780000000022E-01 0.335284929999999995E-01 0.622022460000000010E-02
 0.409292569999999967E-01 0.356959270000000023E-01 0.704537449999999982E-02
 0.435689670000000001E-01 0.380041880000000012E-01 0.797952289999999918E-02
 0.463789240000000019E-01 0.404625720000000022E-01 0.903693679999999916E-02
 0.493701080000000028E-01 0.430810189999999982E-01 0.102337130000000002E-01
 0.525542059999999991E-01 0.458701639999999980E-01 0.115880020000000000E-01
 0.559436609999999987E-01 0.488413940000000033E-01 0.131202569999999998E-01
 0.595517169999999971E-01 0.520069059999999986E-01 0.148535079999999996E-01
 0.633924730000000047E-01 0.553797779999999976E-01 0.168136629999999995E-01
 0.674809360000000052E-01 0.589740460000000022E-01 0.190298370000000008E-01
 0.718330830000000059E-01 0.628047850000000019E-01 0.215347180000000013E-01
 0.764659179999999938E-01 0.668882110000000030E-01 0.243649459999999984E-01
 0.813975460000000012E-01 0.712417820000000035E-01 0.275615380000000000E-01
 0.866472370000000019E-01 0.758843250000000025E-01 0.311703260000000017E-01
 0.922355039999999959E-01 0.808361689999999994E-01 0.352424179999999976E-01
 0.981841829999999943E-01 0.861193039999999937E-01 0.398346720000000015E-01
 0.104516520000000002 0.917575620000000008E-01 0.450101730000000005E-01
 0.111257250000000002 0.977768219999999993E-01 0.508386889999999994E-01
 0.118432730000000000 0.104205240000000005 0.573970899999999978E-01
 0.126070989999999994 0.111073539999999998 0.647697039999999974E-01
 0.134201870000000001 0.118415309999999996 0.730485560000000006E-01
 0.142857139999999994 0.126267380000000012 0.823334470000000040E-01
 0.152070640000000007 0.134670230000000002 0.927317990000000036E-01
 0.161878350000000004 0.143668519999999994 0.104358190000000003
 0.172318610000000011 0.153311630000000004 0.117333439999999997
 0.183432199999999990 0.163654319999999992 0.131783189999999995
 0.195262560000000002 0.174757539999999989 0.147835679999999997
 0.207855920000000000 0.186689250000000001 0.165618700000000008
 0.221261469999999988 0.199525420000000009 0.185255389999999992
 0.235531610000000002 0.213351199999999991 0.206858679999999989
 0.250722090000000009 0.228262039999999999 0.230524239999999991
 0.266892279999999982 0.244365019999999988 0.256321589999999988
 0.284105349999999979 0.261780090000000021 0.284283359999999985
 0.302428570000000008 0.280641189999999985 0.314392700000000025
 0.321933540000000018 0.301096929999999985 0.346569139999999998
 0.342696469999999975 0.323310649999999977 0.380653320000000017
 0.364798489999999975 0.347458969999999978 0.416392070000000003
 0.388325980000000015 0.373728359999999982 0.453425159999999994
 0.413370850000000012 0.402308029999999983 0.491276619999999997
 0.440030980000000016 0.433377799999999980 0.529353590000000040
 0.468410539999999986 0.467088219999999998 0.566956589999999983
 0.498620420000000009 0.503530370000000005 0.603304979999999991
 0.530778679999999947 0.542692020000000053 0.637580389999999997
 0.565010959999999951 0.584397959999999994 0.668988539999999965
 0.601451040000000048 0.628234529999999958 0.696835690000000008
 0.640241300000000013 0.673464249999999987 0.720610470000000003
 0.681533309999999948 0.718946269999999998 0.740055050000000048
 0.725488429999999962 0.763093220000000017 0.755203949999999957
 0.772278420000000021 0.803909659999999970 0.766366580000000019
 0.822086100000000042 0.839162909999999984 0.774033489999999991
 0.875106089999999948 0.866713300000000020 0.778701709999999991
 0.931545590000000034 0.884958070000000041 0.780647340000000023
 0.991625120000000027 0.893221770000000026 0.779732410000000042
 1.05557940000000006 0.891814149999999972 0.775406759999999973
 1.12365849999999989 0.881540219999999985 0.767061499999999952
 1.19612819999999997 0.863000250000000024 0.754524500000000042
 1.27327189999999990 0.836727540000000047 0.737913220000000036
 1.35539079999999990 0.803408870000000053 0.717435790000000018
 1.44280600000000003 0.763883419999999980 0.693366389999999999
 1.53585900000000009 0.719113829999999954 0.666037199999999996
 1.63491340000000007 0.670153369999999970 0.635829089999999986
 1.74035629999999997 0.618110449999999978 0.603161570000000036
 1.85259960000000001 0.564112240000000043 0.568482220000000038
 1.97208199999999989 0.509268759999999987 0.532256130000000049
 2.09927039999999998 0.454638869999999973 0.494955360000000011
 2.23466170000000020 0.401199440000000018 0.457048759999999998
 2.37878500000000015 0.349818850000000015 0.418992289999999989
 2.53220340000000022 0.301235860000000022 0.381220049999999977
 2.69551650000000009 0.256044669999999974 0.344136349999999980
 2.86936239999999998 0.214686779999999994 0.308109200000000027
 3.05442040000000015 0.177449799999999991 0.273465540000000007
 3.25141359999999979 0.144473080000000004 0.240488580000000007
 3.46111170000000001 0.115759399999999998 0.209417319999999990
 3.68433430000000017 0.911914479999999944E-01 0.180447899999999994
 3.92195340000000003 0.705517019999999939E-01 0.153735929999999993
 4.17489769999999982 0.535437370000000010E-01 0.129398289999999999
 4.44415549999999993 0.398135020000000006E-01 0.107512269999999993
 4.73077889999999979 0.289695519999999991E-01 0.881110620000000039E-01
 5.03588789999999964 0.206022819999999995E-01 0.711766260000000067E-01
 5.36067469999999968 0.143026239999999999E-01 0.566343929999999982E-01
 5.70640859999999961 0.967999999999999937E-02 0.443548189999999967E-01
 6.07444030000000001 0.637781090000000012E-02 0.341630760000000006E-01
 6.46620799999999996 0.408430430000000008E-02 0.258532840000000007E-01
 6.88324259999999999 0.253785940000000008E-02 0.192025959999999989E-01
 7.32717360000000006 0.152727710000000010E-02 0.139829029999999997E-01
 7.79973570000000027 0.888409719999999994E-03 0.997020279999999946E-02
 8.30277549999999920 0.498473710000000019E-03 0.695221839999999973E-02
 8.83825850000000024 0.269173970000000020E-03 0.473439140000000026E-02
 9.40827720000000056 0.139556240000000007E-03 0.314410629999999991E-02
 10.0150590000000008 0.692922509999999999E-04 0.203307870000000003E-02
 10.6609750000000005 0.328593060000000021E-04 0.127799399999999996E-02
 11.3485490000000002 0.148392940000000006E-04 0.779631710000000012E-03
 12.0804670000000005 0.636263460000000002E-05 0.460818339999999988E-03
 12.8595900000000007 0.258282020000000008E-05 0.263578960000000002E-03
 13.6889620000000001 0.989464330000000005E-06 0.145677689999999989E-03
 14.5718250000000005 0.356347739999999992E-06 0.776833009999999981E-04
 15.5116270000000007 0.120787780000000005E-06 0.401463110000000023E-04
 16.5120410000000000 0.405792860000000008E-07 0.206797520000000001E-04
 17.5769759999999984 0.126763100000000000E-07 0.101865479999999994E-04
 18.7105929999999994 0.366488889999999980E-08 0.478449490000000024E-05
 19.9173229999999997 0.975774410000000033E-09 0.213617620000000004E-05
 &END
 
 &POTENTIALS
 144 0.625000000000000000E-01
 0.261651980000000015E-02 -6.73935309999999976 -19.5040270000000007
 0.278527090000000015E-02 -6.72853269999999970 -19.4932070000000017
 0.296490540000000002E-02 -6.71643450000000009 -19.4811079999999990
 0.315612540000000021E-02 -6.70299530000000043 -19.4676690000000008
 0.335967800000000006E-02 -6.68811540000000004 -19.4527889999999992
 0.357635860000000017E-02 -6.67167259999999995 -19.4363460000000003
 0.380701390000000002E-02 -6.65353919999999999 -19.4182130000000015
 0.405254520000000035E-02 -6.63358299999999979 -19.3982570000000010
 0.431391190000000001E-02 -6.61166750000000025 -19.3763410000000000
 0.459213530000000033E-02 -6.58765239999999963 -19.3523260000000015
 0.488830259999999996E-02 -6.56139449999999957 -19.3260679999999994
 0.520357099999999972E-02 -6.53274820000000034 -19.2974220000000010
 0.553917249999999993E-02 -6.50156609999999979 -19.2662399999999998
 0.589641850000000023E-02 -6.46770050000000030 -19.2323740000000001
 0.627670480000000041E-02 -6.43100390000000033 -19.1956769999999999
 0.668151750000000027E-02 -6.39133080000000042 -19.1560039999999994
 0.711243830000000011E-02 -6.34853890000000032 -19.1132120000000008
 0.757115119999999999E-02 -6.30249129999999980 -19.0671649999999993
 0.805944850000000004E-02 -6.25305830000000018 -19.0177319999999987
 0.857923829999999998E-02 -6.20012019999999975 -18.9647930000000002
 0.913255160000000024E-02 -6.14356990000000014 -18.9082429999999988
 0.972155060000000001E-02 -6.08331599999999995 -18.8479889999999983
 0.103485369999999997E-01 -6.01928660000000004 -18.7839589999999994
 0.110159600000000000E-01 -5.95143250000000013 -18.7161040000000014
 0.117264280000000005E-01 -5.87973130000000044 -18.6444030000000005
 0.124827180000000003E-01 -5.80419139999999967 -18.5688619999999993
 0.132877840000000004E-01 -5.72485559999999971 -18.4895250000000004
 0.141447729999999994E-01 -5.64180529999999969 -18.4064729999999983
 0.150570319999999997E-01 -5.55516349999999992 -18.3198299999999996
 0.160281269999999997E-01 -5.46509819999999991 -18.2297629999999984
 0.170618529999999984E-01 -5.37182430000000011 -18.1364860000000014
 0.181622479999999989E-01 -5.27560569999999984 -18.0402640000000005
 0.193336120000000000E-01 -5.17675510000000028 -17.9414090000000002
 0.205805229999999999E-01 -5.07563380000000031 -17.8402819999999984
 0.219078519999999985E-01 -4.97264950000000017 -17.7372909999999990
 0.233207869999999991E-01 -4.86825270000000021 -17.6328850000000017
 0.248248489999999995E-01 -4.76293179999999960 -17.5275520000000000
 0.264259139999999983E-01 -4.65720690000000026 -17.4218119999999992
 0.281302390000000013E-01 -4.55162170000000010 -17.3162069999999986
 0.299444840000000004E-01 -4.44673460000000009 -17.2112949999999998
 0.318757370000000012E-01 -4.34310859999999987 -17.1076370000000004
 0.339315459999999999E-01 -4.24130099999999999 -17.0057879999999990
 0.361199420000000021E-01 -4.14185210000000037 -16.9062860000000015
 0.384494780000000022E-01 -4.04527459999999994 -16.8096400000000017
 0.409292569999999967E-01 -3.95204319999999987 -16.7163210000000007
 0.435689670000000001E-01 -3.86258509999999999 -16.6267509999999987
 0.463789240000000019E-01 -3.77727190000000013 -16.5412929999999996
 0.493701080000000028E-01 -3.69641239999999982 -16.4602490000000010
 0.525542059999999991E-01 -3.62024800000000013 -16.3838469999999994
 0.559436609999999987E-01 -3.54894819999999989 -16.3122429999999987
 0.595517169999999971E-01 -3.48260930000000002 -16.2455140000000000
 0.633924730000000047E-01 -3.42125380000000012 -16.1836589999999987
 0.674809360000000052E-01 -3.36483100000000013 -16.1265949999999982
 0.718330830000000059E-01 -3.31321939999999993 -16.0741610000000001
 0.764659179999999938E-01 -3.26623030000000014 -16.0261180000000003
 0.813975460000000012E-01 -3.22361159999999991 -15.9821500000000007
 0.866472370000000019E-01 -3.18505409999999989 -15.9418629999999997
 0.922355039999999959E-01 -3.15019779999999994 -15.9047929999999997
 0.981841829999999943E-01 -3.11864050000000015 -15.8704029999999996
 0.104516520000000002 -3.08994729999999995 -15.8380849999999995
 0.111257250000000002 -3.06366210000000017 -15.8071640000000002
 0.118432730000000000 -3.03932110000000000 -15.7768990000000002
 0.126070989999999994 -3.01646809999999999 -15.7464800000000000
 0.134201870000000001 -2.99467129999999981 -15.7150269999999992
 0.142857139999999994 -2.97354269999999987 -15.6815850000000001
 0.152070640000000007 -2.95275879999999979 -15.6451130000000003
 0.161878350000000004 -2.93208419999999981 -15.6044730000000005
 0.172318610000000011 -2.91139670000000006 -15.5584070000000008
 0.183432199999999990 -2.89071629999999979 -15.5055139999999998
 0.195262560000000002 -2.87023859999999997 -15.4442140000000006
 0.207855920000000000 -2.85037310000000010 -15.3727110000000007
 0.221261469999999988 -2.83178829999999992 -15.2889459999999993
 0.235531610000000002 -2.81546500000000011 -15.1905450000000002
 0.250722090000000009 -2.80275749999999979 -15.0747730000000004
 0.266892279999999982 -2.79546310000000009 -14.9384770000000007
 0.284105349999999979 -2.79589750000000015 -14.7780430000000003
 0.302428570000000008 -2.80697110000000016 -14.5893750000000004
 0.321933540000000018 -2.83225699999999980 -14.3678910000000002
 0.342696469999999975 -2.87603600000000004 -14.1085770000000004
 0.364798489999999975 -2.94329319999999983 -13.8060949999999991
 0.388325980000000015 -3.03963019999999995 -13.4549979999999998
 0.413370850000000012 -3.17104959999999991 -13.0500629999999997
 0.440030980000000016 -3.34359019999999996 -12.5868369999999992
 0.468410539999999986 -3.56289979999999984 -12.0625789999999995
 0.498620420000000009 -3.83330690000000018 -11.4772649999999992
 0.530778679999999947 -4.15425519999999970 -10.8325569999999995
 0.565010959999999951 -4.51649679999999965 -10.1310880000000001
 0.601451040000000048 -4.90325620000000040 -9.38101069999999915
 0.640241300000000013 -5.29151219999999967 -8.60035590000000028
 0.681533309999999948 -5.65006919999999990 -7.81681100000000040
 0.725488429999999962 -5.93903319999999990 -7.06583279999999991
 0.772278420000000021 -6.11314699999999966 -6.38724820000000015
 0.822086100000000042 -6.13032529999999998 -5.81906419999999969
 0.875106089999999948 -5.96623389999999976 -5.38742620000000016
 0.931545590000000034 -5.63331180000000042 -5.09243419999999958
 0.991625120000000027 -5.19699299999999997 -4.89287009999999967
 1.05557940000000006 -4.77087509999999959 -4.70388390000000012
 1.12365849999999989 -4.44950030000000041 -4.44950030000000041
 1.19612819999999997 -4.18004140000000035 -4.18004140000000035
 1.27327189999999990 -3.92684480000000002 -3.92684480000000002
 1.35539079999999990 -3.68895520000000010 -3.68895520000000010
 1.44280600000000003 -3.46546339999999997 -3.46546339999999997
 1.53585900000000009 -3.25550549999999994 -3.25550549999999994
 1.63491340000000007 -3.05826570000000020 -3.05826570000000020
 1.74035629999999997 -2.87297510000000011 -2.87297510000000011
 1.85259960000000001 -2.69891039999999993 -2.69891039999999993
 1.97208199999999989 -2.53539160000000008 -2.53539160000000008
 2.09927039999999998 -2.38177990000000017 -2.38177990000000017
 2.23466170000000020 -2.23747520000000000 -2.23747520000000000
 2.37878500000000015 -2.10191339999999993 -2.10191339999999993
 2.53220340000000022 -1.97456490000000007 -1.97456490000000007
 2.69551650000000009 -1.85493210000000008 -1.85493210000000008
 2.86936239999999998 -1.74254740000000008 -1.74254740000000008
 3.05442040000000015 -1.63697179999999998 -1.63697179999999998
 3.25141359999999979 -1.53779270000000001 -1.53779270000000001
 3.46111170000000001 -1.44462259999999998 -1.44462259999999998
 3.68433430000000017 -1.35709729999999995 -1.35709729999999995
 3.92195340000000003 -1.27487489999999992 -1.27487489999999992
 4.17489769999999982 -1.19763419999999998 -1.19763419999999998
 4.44415549999999993 -1.12507320000000011 -1.12507320000000011
 4.73077889999999979 -1.05690839999999997 -1.05690839999999997
 5.03588789999999964 -0.992873589999999973 -0.992873589999999973
 5.36067469999999968 -0.932718420000000048 -0.932718420000000048
 5.70640859999999961 -0.876207870000000000 -0.876207870000000000
 6.07444030000000001 -0.823121109999999989 -0.823121109999999989
 6.46620799999999996 -0.773250719999999947 -0.773250719999999947
 6.88324259999999999 -0.726401819999999976 -0.726401819999999976
 7.32717360000000006 -0.682391360000000002 -0.682391360000000002
 7.79973570000000027 -0.641047359999999955 -0.641047359999999955
 8.30277549999999920 -0.602208260000000051 -0.602208260000000051
 8.83825850000000024 -0.565722309999999950 -0.565722309999999950
 9.40827720000000056 -0.531446929999999984 -0.531446929999999984
 10.0150590000000008 -0.499248189999999981 -0.499248189999999981
 10.6609750000000005 -0.469000279999999992 -0.469000279999999992
 11.3485490000000002 -0.440584990000000010 -0.440584990000000010
 12.0804670000000005 -0.413891290000000023 -0.413891290000000023
 12.8595900000000007 -0.388814869999999979 -0.388814869999999979
 13.6889620000000001 -0.365257779999999976 -0.365257779999999976
 14.5718250000000005 -0.343127930000000025 -0.343127930000000025
 15.5116270000000007 -0.322338860000000005 -0.322338860000000005
 16.5120410000000000 -0.302809329999999988 -0.302809329999999988
 17.5769759999999984 -0.284463040000000000 -0.284463040000000000
 18.7105929999999994 -0.267228299999999974 -0.267228299999999974
 19.9173229999999997 -0.251037750000000004 -0.251037750000000004
 &END
