&ATOM  
 Z  =   10
 ZV =    8
 XC = 1100        .666667
 TYPE = NORMCONSERVING BHS
&END   
&INFO  
    ============================================================
    |    NEON SGS PSEUDOPOTENTIAL                              |
    ============================================================
&END  
&POTENTIAL
    BHS
              1.3702   28.9500    -.3702   11.5100
             17.3000      -27670.2380477       26676.2362980
             20.6500        9597.4157564      128484.4290857
             26.1600       18128.3071273       38056.5850365
             10.4400           5.8554671         -15.0947566
             66.3100        2143.7262777      -27663.5254594
             92.7100       -2137.0360720      -32223.9226078
              8.9400      270630.6132263      -97176.2393937
             10.2500     1153844.6879830     -968738.1467280
             11.0700    -1424437.7572861     -456879.0953605
&END 
&WAVEFUNCTION
       244      1.050000000
        .1000000E-02        .1276807E-02        .1644654E-04
        .1050000E-02        .1340647E-02        .1813231E-04
        .1102500E-02        .1407679E-02        .1999087E-04
        .1157625E-02        .1478063E-02        .2203994E-04
        .1215506E-02        .1551967E-02        .2429903E-04
        .1276281E-02        .1629565E-02        .2678968E-04
        .1340095E-02        .1711044E-02        .2953561E-04
        .1407100E-02        .1796596E-02        .3256299E-04
        .1477455E-02        .1886427E-02        .3590067E-04
        .1551328E-02        .1980749E-02        .3958046E-04
        .1628894E-02        .2079788E-02        .4363741E-04
        .1710338E-02        .2183779E-02        .4811018E-04
        .1795855E-02        .2292970E-02        .5304139E-04
        .1885648E-02        .2407621E-02        .5847803E-04
        .1979930E-02        .2528005E-02        .6447190E-04
        .2078927E-02        .2654409E-02        .7108011E-04
        .2182873E-02        .2787134E-02        .7836562E-04
        .2292016E-02        .2926495E-02        .8639785E-04
        .2406617E-02        .3072826E-02        .9525333E-04
        .2526948E-02        .3226474E-02        .1050164E-03
        .2653295E-02        .3387806E-02        .1157802E-03
        .2785960E-02        .3557206E-02        .1276471E-03
        .2925258E-02        .3735078E-02        .1407302E-03
        .3071520E-02        .3921845E-02        .1551542E-03
        .3225096E-02        .4117952E-02        .1710565E-03
        .3386351E-02        .4323868E-02        .1885886E-03
        .3555668E-02        .4540082E-02        .2079174E-03
        .3733452E-02        .4767111E-02        .2292271E-03
        .3920124E-02        .5005494E-02        .2527206E-03
        .4116130E-02        .5255802E-02        .2786217E-03
        .4321936E-02        .5518630E-02        .3071771E-03
        .4538033E-02        .5794606E-02        .3386588E-03
        .4764934E-02        .6084388E-02        .3733664E-03
        .5003181E-02        .6388667E-02        .4116304E-03
        .5253340E-02        .6708169E-02        .4538152E-03
        .5516006E-02        .7043658E-02        .5003224E-03
        .5791807E-02        .7395934E-02        .5515946E-03
        .6081397E-02        .7765839E-02        .6081200E-03
        .6385466E-02        .8154256E-02        .6704363E-03
        .6704739E-02        .8562114E-02        .7391365E-03
        .7039976E-02        .8990387E-02        .8148744E-03
        .7391974E-02        .9440101E-02        .8983702E-03
        .7761573E-02        .9912332E-02        .9904181E-03
        .8149651E-02        .1040821E-01        .1091893E-02
        .8557133E-02        .1092892E-01        .1203761E-02
        .8984989E-02        .1147572E-01        .1327083E-02
        .9434238E-02        .1204991E-01        .1463032E-02
        .9905950E-02        .1265288E-01        .1612900E-02
        .1040125E-01        .1328606E-01        .1778109E-02
        .1092131E-01        .1395100E-01        .1960227E-02
        .1146737E-01        .1464927E-01        .2160982E-02
        .1204074E-01        .1538258E-01        .2382278E-02
        .1264278E-01        .1615269E-01        .2626213E-02
        .1327492E-01        .1696146E-01        .2895097E-02
        .1393866E-01        .1781084E-01        .3191476E-02
        .1463559E-01        .1870290E-01        .3518154E-02
        .1536737E-01        .1963980E-01        .3878218E-02
        .1613574E-01        .2062383E-01        .4275071E-02
        .1694253E-01        .2165737E-01        .4712456E-02
        .1778965E-01        .2274297E-01        .5194496E-02
        .1867913E-01        .2388327E-01        .5725731E-02
        .1961309E-01        .2508109E-01        .6311154E-02
        .2059374E-01        .2633938E-01        .6956264E-02
        .2162343E-01        .2766124E-01        .7667106E-02
        .2270460E-01        .2904998E-01        .8450333E-02
        .2383983E-01        .3050904E-01        .9313259E-02
        .2503182E-01        .3204210E-01        .1026392E-01
        .2628341E-01        .3365300E-01        .1131116E-01
        .2759758E-01        .3534584E-01        .1246468E-01
        .2897746E-01        .3712493E-01        .1373514E-01
        .3042633E-01        .3899484E-01        .1513422E-01
        .3194764E-01        .4096040E-01        .1667477E-01
        .3354502E-01        .4302673E-01        .1837084E-01
        .3522227E-01        .4519927E-01        .2023783E-01
        .3698339E-01        .4748379E-01        .2229261E-01
        .3883255E-01        .4988641E-01        .2455362E-01
        .4077418E-01        .5241366E-01        .2704098E-01
        .4281289E-01        .5507247E-01        .2977669E-01
        .4495353E-01        .5787025E-01        .3278467E-01
        .4720120E-01        .6081489E-01        .3609098E-01
        .4956126E-01        .6391486E-01        .3972391E-01
        .5203932E-01        .6717920E-01        .4371412E-01
        .5464128E-01        .7061761E-01        .4809476E-01
        .5737335E-01        .7424052E-01        .5290159E-01
        .6024201E-01        .7805916E-01        .5817304E-01
        .6325411E-01        .8208563E-01        .6395031E-01
        .6641681E-01        .8633300E-01        .7027734E-01
        .6973765E-01        .9081544E-01        .7720080E-01
        .7322453E-01        .9554832E-01        .8477001E-01
        .7688575E-01        .1005483E+00        .9303673E-01
        .8073003E-01        .1058337E+00        .1020549E+00
        .8476653E-01        .1114243E+00        .1118802E+00
        .8900485E-01        .1173420E+00        .1225697E+00
        .9345509E-01        .1236106E+00        .1341809E+00
        .9812784E-01        .1302563E+00        .1467711E+00
        .1030342E+00        .1373083E+00        .1603962E+00
        .1081859E+00        .1447984E+00        .1751095E+00
        .1135952E+00        .1527620E+00        .1909602E+00
        .1192750E+00        .1612382E+00        .2079914E+00
        .1252387E+00        .1702706E+00        .2262386E+00
        .1315007E+00        .1799073E+00        .2457270E+00
        .1380757E+00        .1902019E+00        .2664690E+00
        .1449795E+00        .2012138E+00        .2884620E+00
        .1522284E+00        .2130093E+00        .3116853E+00
        .1598398E+00        .2256614E+00        .3360973E+00
        .1678318E+00        .2392513E+00        .3616335E+00
        .1762234E+00        .2538683E+00        .3882049E+00
        .1850346E+00        .2696107E+00        .4156966E+00
        .1942863E+00        .2865859E+00        .4439697E+00
        .2040006E+00        .3049105E+00        .4728638E+00
        .2142006E+00        .3247096E+00        .5022025E+00
        .2249106E+00        .3461163E+00        .5318010E+00
        .2361562E+00        .3692691E+00        .5614757E+00
        .2479640E+00        .3943092E+00        .5910537E+00
        .2603621E+00        .4213754E+00        .6203810E+00
        .2733802E+00        .4505974E+00        .6493279E+00
        .2870492E+00        .4820856E+00        .6777885E+00
        .3014017E+00        .5159181E+00        .7056752E+00
        .3164718E+00        .5521235E+00        .7329076E+00
        .3322953E+00        .5906604E+00        .7594000E+00
        .3489101E+00        .6313928E+00        .7850484E+00
        .3663556E+00        .6740646E+00        .8097214E+00
        .3846733E+00        .7182755E+00        .8332572E+00
        .4039070E+00        .7634641E+00        .8554651E+00
        .4241023E+00        .8089032E+00        .8761324E+00
        .4453074E+00        .8537140E+00        .8950334E+00
        .4675727E+00        .8969042E+00        .9119382E+00
        .4909514E+00        .9374276E+00        .9266220E+00
        .5154989E+00        .9742609E+00        .9388729E+00
        .5412738E+00        .1006483E+01        .9484981E+00
        .5683375E+00        .1033339E+01        .9553307E+00
        .5967543E+00        .1054280E+01        .9592345E+00
        .6265920E+00        .1068967E+01        .9601077E+00
        .6579216E+00        .1077244E+01        .9578862E+00
        .6908176E+00        .1079097E+01        .9525448E+00
        .7253585E+00        .1074616E+01        .9440965E+00
        .7616264E+00        .1063970E+01        .9325917E+00
        .7997077E+00        .1047391E+01        .9181154E+00
        .8396930E+00        .1025180E+01        .9007843E+00
        .8816776E+00        .9976998E+00        .8807439E+00
        .9257615E+00        .9653819E+00        .8581646E+00
        .9720495E+00        .9287145E+00        .8332384E+00
        .1020652E+01        .8882350E+00        .8061758E+00
        .1071684E+01        .8445178E+00        .7772020E+00
        .1125269E+01        .7981627E+00        .7465536E+00
        .1181532E+01        .7497818E+00        .7144749E+00
        .1240609E+01        .6999900E+00        .6812157E+00
        .1302639E+01        .6493920E+00        .6470266E+00
        .1367771E+01        .5985727E+00        .6121570E+00
        .1436159E+01        .5480880E+00        .5768529E+00
        .1507967E+01        .4984565E+00        .5413546E+00
        .1583365E+01        .4501519E+00        .5058947E+00
        .1662534E+01        .4035974E+00        .4706963E+00
        .1745660E+01        .3591600E+00        .4359718E+00
        .1832943E+01        .3171478E+00        .4019210E+00
        .1924590E+01        .2778073E+00        .3687305E+00
        .2020820E+01        .2413226E+00        .3365719E+00
        .2121861E+01        .2078159E+00        .3056008E+00
        .2227954E+01        .1773495E+00        .2759560E+00
        .2339351E+01        .1499290E+00        .2477580E+00
        .2456319E+01        .1255072E+00        .2211084E+00
        .2579134E+01        .1039900E+00        .1960886E+00
        .2708091E+01        .8524250E-01        .1727599E+00
        .2843495E+01        .6909607E-01        .1511624E+00
        .2985670E+01        .5535569E-01        .1313152E+00
        .3134953E+01        .4380772E-01        .1132165E+00
        .3291701E+01        .3422742E-01        .9684445E-01
        .3456286E+01        .2638617E-01        .8215798E-01
        .3629100E+01        .2005800E-01        .6909830E-01
        .3810555E+01        .1502538E-01        .5759079E-01
        .4001082E+01        .1108391E-01        .4754715E-01
        .4201136E+01        .8045979E-02        .3886796E-01
        .4411193E+01        .5743238E-02        .3144535E-01
        .4631752E+01        .4027948E-02        .2516584E-01
        .4863340E+01        .2773322E-02        .1991317E-01
        .5106506E+01        .1872958E-02        .1557100E-01
        .5361831E+01        .1239568E-02        .1202548E-01
        .5629923E+01        .8031732E-03        .9167472E-02
        .5911419E+01        .5089858E-03        .6894399E-02
        .6206989E+01        .3151355E-03        .5111734E-02
        .6517338E+01        .1904132E-03        .3734013E-02
        .6843205E+01        .1121481E-03        .2685435E-02
        .7185365E+01        .6430430E-04        .1900043E-02
        .7544633E+01        .3584848E-04        .1321548E-02
        .7921864E+01        .1940356E-04        .9028509E-03
        .8317957E+01        .1018206E-04        .6053191E-03
        .8733854E+01        .5172026E-05        .3979138E-03
        .9170547E+01        .2538909E-05        .2562171E-03
        .9629074E+01        .1202371E-05        .1614340E-03
        .1011053E+02        .5483318E-06        .9942020E-04
        .1061605E+02        .2402727E-06        .5977761E-04
        .1114685E+02        .1009067E-06        .3504345E-04
        .1170420E+02        .0000000E+00        .0000000E+00
        .1228941E+02        .0000000E+00        .0000000E+00
        .1290388E+02        .0000000E+00        .0000000E+00
        .1354907E+02        .0000000E+00        .0000000E+00
        .1422652E+02        .0000000E+00        .0000000E+00
        .1493785E+02        .0000000E+00        .0000000E+00
        .1568474E+02        .0000000E+00        .0000000E+00
        .1646898E+02        .0000000E+00        .0000000E+00
        .1729242E+02        .0000000E+00        .0000000E+00
        .1815704E+02        .0000000E+00        .0000000E+00
        .1906490E+02        .0000000E+00        .0000000E+00
        .2001814E+02        .0000000E+00        .0000000E+00
        .2101904E+02        .0000000E+00        .0000000E+00
        .2207000E+02        .0000000E+00        .0000000E+00
        .2317349E+02        .0000000E+00        .0000000E+00
        .2433217E+02        .0000000E+00        .0000000E+00
        .2554878E+02        .0000000E+00        .0000000E+00
        .2682621E+02        .0000000E+00        .0000000E+00
        .2816752E+02        .0000000E+00        .0000000E+00
        .2957590E+02        .0000000E+00        .0000000E+00
        .3105469E+02        .0000000E+00        .0000000E+00
        .3260742E+02        .0000000E+00        .0000000E+00
        .3423779E+02        .0000000E+00        .0000000E+00
        .3594968E+02        .0000000E+00        .0000000E+00
        .3774716E+02        .0000000E+00        .0000000E+00
        .3963452E+02        .0000000E+00        .0000000E+00
        .4161624E+02        .0000000E+00        .0000000E+00
        .4369705E+02        .0000000E+00        .0000000E+00
        .4588191E+02        .0000000E+00        .0000000E+00
        .4817600E+02        .0000000E+00        .0000000E+00
        .5058480E+02        .0000000E+00        .0000000E+00
        .5311403E+02        .0000000E+00        .0000000E+00
        .5576973E+02        .0000000E+00        .0000000E+00
        .5855822E+02        .0000000E+00        .0000000E+00
        .6148612E+02        .0000000E+00        .0000000E+00
        .6456043E+02        .0000000E+00        .0000000E+00
        .6778845E+02        .0000000E+00        .0000000E+00
        .7117787E+02        .0000000E+00        .0000000E+00
        .7473676E+02        .0000000E+00        .0000000E+00
        .7847359E+02        .0000000E+00        .0000000E+00
        .8239727E+02        .0000000E+00        .0000000E+00
        .8651712E+02        .0000000E+00        .0000000E+00
        .9084298E+02        .0000000E+00        .0000000E+00
        .9538512E+02        .0000000E+00        .0000000E+00
        .1001544E+03        .0000000E+00        .0000000E+00
        .1051621E+03        .0000000E+00        .0000000E+00
        .1104202E+03        .0000000E+00        .0000000E+00
        .1159412E+03        .0000000E+00        .0000000E+00
        .1217382E+03        .0000000E+00        .0000000E+00
        .1278252E+03        .0000000E+00        .0000000E+00
        .1342164E+03        .0000000E+00        .0000000E+00
        .1409272E+03        .0000000E+00        .0000000E+00
&END
