&ATOM  
 Z  =   15
 ZV =    5
 XC = 1312        .666667
 TYPE = NORMCONSERVING LOGARITHMIC 
&END   
&INFO  
    ============================================================
    |    Pseudopotential Report     Thu Feb 10 18:15:58 2000   |
    |                   Martins-Trouiller Type                 |
    ------------------------------------------------------------
    |  Atomic Symbol                   :   P                   |
    |  Atomic Number                   :  15                   |
    |  Valence Charge                  :   5                   |
    |  Number of valence states        :   2                   |
    |  Exchange-Correlation Functional :                       |
    |     Slater exchange :   .6667                            |
    |     LDA correlation : Lee-Yang-Parr                      |
    |     Exchange GC     : Becke (1988)                       |
    |     Correlation GC  : Lee-Yang-Parr                      |
    |      n     l        Rc        occ       energy           |
    |      3     S     1.600     2.0000      -.85034           |
    |      3     P     1.700     2.0000      -.51686           |
    |  Radial Functions Stored on Logarithmic Grids            |
    ============================================================
&END   
&POTENTIALS   
 251  LOGARITHMIC GRID 
     .1000000000E-04    -1.395359343        -5.221202008        -7.432544831    
     .1064025027E-04    -1.395359022        -5.221201687        -7.432544510    
     .1132149259E-04    -1.395358659        -5.221201324        -7.432544147    
     .1204635146E-04    -1.395358248        -5.221200913        -7.432543736    
     .1281761945E-04    -1.395357783        -5.221200447        -7.432543270    
     .1363826788E-04    -1.395357256        -5.221199920        -7.432542743    
     .1451145836E-04    -1.395356659        -5.221199324        -7.432542147    
     .1544055488E-04    -1.395355983        -5.221198648        -7.432541471    
     .1642913683E-04    -1.395355219        -5.221197883        -7.432540706    
     .1748101276E-04    -1.395354353        -5.221197018        -7.432539841    
     .1860023508E-04    -1.395353373        -5.221196037        -7.432538860    
     .1979111565E-04    -1.395352263        -5.221194928        -7.432537751    
     .2105824237E-04    -1.395351007        -5.221193671        -7.432536494    
     .2240649691E-04    -1.395349584        -5.221192249        -7.432535072    
     .2384107349E-04    -1.395347974        -5.221190639        -7.432533461    
     .2536749888E-04    -1.395346151        -5.221188815        -7.432531638    
     .2699165369E-04    -1.395344087        -5.221186751        -7.432529574    
     .2871979506E-04    -1.395341750        -5.221184414        -7.432527237    
     .3055858072E-04    -1.395339104        -5.221181769        -7.432524592    
     .3251509469E-04    -1.395336109        -5.221178773        -7.432521596    
     .3459687452E-04    -1.395332717        -5.221175382        -7.432518205    
     .3681194036E-04    -1.395328878        -5.221171543        -7.432514366    
     .3916882585E-04    -1.395324531        -5.221167196        -7.432510019    
     .4167661100E-04    -1.395319610        -5.221162275        -7.432505098    
     .4434495716E-04    -1.395314039        -5.221156704        -7.432499526    
     .4718414426E-04    -1.395307731        -5.221150396        -7.432493219    
     .5020511039E-04    -1.395300590        -5.221143255        -7.432486078    
     .5341949396E-04    -1.395292505        -5.221135170        -7.432477993    
     .5683967853E-04    -1.395283352        -5.221126016        -7.432468839    
     .6047884051E-04    -1.395272989        -5.221115653        -7.432458476    
     .6435099993E-04    -1.395261256        -5.221103921        -7.432446744    
     .6847107446E-04    -1.395247973        -5.221090638        -7.432433461    
     .7285493688E-04    -1.395232935        -5.221075600        -7.432418423    
     .7751947622E-04    -1.395215910        -5.221058574        -7.432401397    
     .8248266281E-04    -1.395196634        -5.221039299        -7.432382122    
     .8776361756E-04    -1.395174812        -5.221017476        -7.432360299    
     .9338268558E-04    -1.395150105        -5.220992770        -7.432335593    
     .9936151458E-04    -1.395122134        -5.220964798        -7.432307621    
     .1057231383E-03    -1.395090466        -5.220933131        -7.432275954    
     .1124920651E-03    -1.395054613        -5.220897278        -7.432240101    
     .1196943727E-03    -1.395014023        -5.220856687        -7.432199510    
     .1273578082E-03    -1.394968068        -5.220810733        -7.432153556    
     .1355118953E-03    -1.394916041        -5.220758705        -7.432101528    
     .1441880481E-03    -1.394857138        -5.220699803        -7.432042626    
     .1534196919E-03    -1.394790451        -5.220633116        -7.431975939    
     .1632423918E-03    -1.394714952        -5.220557616        -7.431900439    
     .1736939905E-03    -1.394629475        -5.220472140        -7.431814963    
     .1848147530E-03    -1.394532703        -5.220375367        -7.431718190    
     .1966475226E-03    -1.394423142        -5.220265807        -7.431608630    
     .2092378856E-03    -1.394299103        -5.220141768        -7.431484591    
     .2226343470E-03    -1.394158672        -5.220001337        -7.431344160    
     .2368885172E-03    -1.393999684        -5.219842349        -7.431185172    
     .2520553110E-03    -1.393819685        -5.219662350        -7.431005173    
     .2681931592E-03    -1.393615900        -5.219458565        -7.430801388    
     .2853642335E-03    -1.393385184        -5.219227849        -7.430570672    
     .3036346864E-03    -1.393123980        -5.218966645        -7.430309468    
     .3230749055E-03    -1.392828258        -5.218670922        -7.430013745    
     .3437597852E-03    -1.392493456        -5.218336121        -7.429678943    
     .3657690149E-03    -1.392114410        -5.217957075        -7.429299898    
     .3891873861E-03    -1.391685274        -5.217527939        -7.428870762    
     .4141051192E-03    -1.391199427        -5.217042092        -7.428384915    
     .4406182108E-03    -1.390649361        -5.216492026        -7.427834849    
     .4688288038E-03    -1.390026345        -5.215869010        -7.427211833    
     .4988455808E-03    -1.389315962        -5.215158627        -7.426501450    
     .5307841828E-03    -1.388539400        -5.214382064        -7.425724887    
     .5647676547E-03    -1.387853035        -5.213695700        -7.425038523    
     .6009269193E-03    -1.387242965        -5.213085629        -7.424428453    
     .6394012818E-03    -1.386699374        -5.212542039        -7.423884862    
     .6803389664E-03    -1.386213737        -5.212056402        -7.423399225    
     .7238976874E-03    -1.385778627        -5.211621291        -7.422964114    
     .7702452567E-03    -1.385387360        -5.211230025        -7.422572848    
     .8195602303E-03    -1.385033884        -5.210876548        -7.422219371    
     .8720325966E-03    -1.384712713        -5.210555378        -7.421898201    
     .9278645075E-03    -1.384418982        -5.210261647        -7.421604470    
     .9872710580E-03    -1.384148070        -5.209990734        -7.421333558    
     .1050481115E-02    -1.383895849        -5.209738514        -7.421081337    
     .1117738197E-02    -1.383658444        -5.209501109        -7.420843932    
     .1189301415E-02    -1.383432153        -5.209274817        -7.420617641    
     .1265446471E-02    -1.383213564        -5.209056228        -7.420399051    
     .1346466716E-02    -1.382999282        -5.208841946        -7.420184769    
     .1432674285E-02    -1.382786019        -5.208628683        -7.419971507    
     .1524401295E-02    -1.382570531        -5.208413195        -7.419756018    
     .1622001130E-02    -1.382349512        -5.208192176        -7.419535000    
     .1725849797E-02    -1.382119605        -5.207962269        -7.419305093    
     .1836347377E-02    -1.381877320        -5.207719984        -7.419062808    
     .1953919568E-02    -1.381618980        -5.207461644        -7.418804467    
     .2079019322E-02    -1.381340711        -5.207183375        -7.418526199    
     .2212128591E-02    -1.381038322        -5.206880985        -7.418223809    
     .2353760185E-02    -1.380707300        -5.206549963        -7.417892787    
     .2504459746E-02    -1.380342741        -5.206185404        -7.417528228    
     .2664807849E-02    -1.379939256        -5.205781918        -7.417124743    
     .2835422245E-02    -1.379490931        -5.205333594        -7.416676418    
     .3016960232E-02    -1.378991251        -5.204833913        -7.416176737    
     .3210121194E-02    -1.378433006        -5.204275667        -7.415618492    
     .3415649291E-02    -1.377808219        -5.203650880        -7.414993705    
     .3634336331E-02    -1.377108052        -5.202950713        -7.414293538    
     .3867024814E-02    -1.376322726        -5.202165386        -7.413508211    
     .4114611184E-02    -1.375441405        -5.201284064        -7.412626890    
     .4378049278E-02    -1.374452104        -5.200294762        -7.411637588    
     .4658354003E-02    -1.373341587        -5.199184243        -7.410527070    
     .4956605246E-02    -1.372095260        -5.197937915        -7.409280742    
     .5273952032E-02    -1.370697063        -5.196539716        -7.407882543    
     .5611616956E-02    -1.369129376        -5.194972027        -7.406314854    
     .5970900885E-02    -1.367372913        -5.193215561        -7.404558389    
     .6353187978E-02    -1.365406642        -5.191249287        -7.402592115    
     .6759951013E-02    -1.363207700        -5.189050339        -7.400393168    
     .7192757062E-02    -1.360751332        -5.186593967        -7.397936796    
     .7653273530E-02    -1.358010847        -5.183853475        -7.395196304    
     .8143274578E-02    -1.354957586        -5.180800204        -7.392143034    
     .8664647956E-02    -1.351560920        -5.177403527        -7.388746357    
     .9219402279E-02    -1.347788269        -5.173630863        -7.384973693    
     .9809674763E-02    -1.343605147        -5.169447723        -7.380790552    
     .1043773946E-01    -1.338975225        -5.164817779        -7.376160608    
     .1110601601E-01    -1.333860429        -5.159702955        -7.371045782    
     .1181707899E-01    -1.328221046        -5.154063537        -7.365406363    
     .1257366780E-01    -1.322015866        -5.147858312        -7.359201134    
     .1337869723E-01    -1.315202325        -5.141044714        -7.352387532    
     .1423526868E-01    -1.307736685        -5.133579003        -7.344921815    
     .1514668215E-01    -1.299574227        -5.125416453        -7.336759256    
     .1611644889E-01    -1.290669465        -5.116511574        -7.327854365    
     .1714830497E-01    -1.280976404        -5.106818364        -7.318161139    
     .1824622567E-01    -1.270448830        -5.096290601        -7.307633355    
     .1941444077E-01    -1.259040661        -5.084882190        -7.296224916    
     .2065745087E-01    -1.246706352        -5.072547573        -7.283890261    
     .2198004473E-01    -1.233401391        -5.059242218        -7.270584857    
     .2338731770E-01    -1.219082872        -5.044923197        -7.256265770    
     .2488469135E-01    -1.203710175        -5.029549857        -7.240892345    
     .2647793440E-01    -1.187245743        -5.013084604        -7.224426981    
     .2817318488E-01    -1.169655971        -4.995493783        -7.206836015    
     .2997697381E-01    -1.150912197        -4.976748667        -7.188090711    
     .3189625038E-01    -1.130991786        -4.956826538        -7.168168338    
     .3393840869E-01    -1.109879297        -4.935711851        -7.147053336    
     .3611131623E-01    -1.087567714        -4.913397456        -7.124738533    
     .3842334424E-01    -1.064059710        -4.889885852        -7.101226401    
     .4088339991E-01    -1.039368904        -4.865190438        -7.076530307    
     .4350096071E-01    -1.013521089        -4.839336724        -7.050675716    
     .4628611092E-01    -.9865553612        -4.812363442        -7.023701304    
     .4924958044E-01    -.9585251073        -4.784323516        -6.995659922    
     .5240278618E-01    -.9294987956        -4.755284818        -6.966619350    
     .5575787600E-01    -.8995605002        -4.725330659        -6.936662783    
     .5932777554E-01    -.8688101075        -4.694559951        -6.905888978    
     .6312623800E-01    -.8373631454        -4.663086969        -6.874412016    
     .6716789711E-01    -.8053501914        -4.631040691        -6.842360625    
     .7146832357E-01    -.7729158259        -4.598563644        -6.809877013    
     .7604408495E-01    -.7402171184        -4.565810273        -6.777115212    
     .8091280957E-01    -.7074216538        -4.532944799        -6.744238919    
     .8609325442E-01    -.6747051364        -4.500138621        -6.711418860    
     .9160537740E-01    -.6422486337        -4.467567298        -6.678829727    
     .9747041420E-01    -.6102355551        -4.435407187        -6.646646774    
     .1037109601        -.5788484848        -4.403831850        -6.615042145    
     .1103510572        -.5482660123        -4.373008334        -6.584181074    
     .1174162867        -.5186597237        -4.343093467        -6.554218068    
     .1249338676        -.4901915240        -4.314230283        -6.525293188    
     .1329327620        -.4630114683        -4.286544720        -6.497528571    
     .1414437857        -.4372562770        -4.260142690        -6.471025265    
     .1504997279        -.4130487035        -4.235107605        -6.445860462    
     .1601354771        -.3904979211        -4.211498428        -6.422085175    
     .1703881555        -.3697010936        -4.189348283        -6.399722367    
     .1812972618        -.3507463040        -4.168663630        -6.378765521    
     .1929048240        -.3337170392        -4.149424010        -6.359177610    
     .2052555606        -.3186984665        -4.131582337        -6.340890412    
     .2183970535        -.3057857941        -4.115065746        -6.323804110    
     .2323799308        -.2950950796        -4.099776975        -6.307787104    
     .2472580623        -.2867769308        -4.085596302        -6.292675963    
     .2630887665        -.2810336271        -4.072384056        -6.278275430    
     .2799330320        -.2781402608        -4.059983708        -6.264358375    
     .2978557520        -.2784705419        -4.048225570        -6.250665550    
     .3169259747        -.2825279009        -4.036931059        -6.236904946    
     .3372171690        -.2909824244        -4.025917466        -6.222750463    
     .3588075074        -.3047139164        -4.015003094        -6.207839514    
     .3817801680        -.3248609022        -4.004012553        -6.191769089    
     .4062236537        -.3528745628        -3.992781913        -6.174089680    
     .4322321342        -.3905751930        -3.981163319        -6.154296395    
     .4599058085        -.4402065487        -3.969028546        -6.131816504    
     .4893512905        -.5044800035        -3.956270874        -6.105992664    
     .5206820203        -.5865952805        -3.942804447        -6.076061102    
     .5540187009        -.6902171759        -3.928560119        -6.041124262    
     .5894897634        -.8193777243        -3.913476504        -6.000117778    
     .6272318617        -.9782608124        -3.897484675        -5.951772434    
     .6673903989        -1.170812656        -3.880484635        -5.894573023    
     .7101200875        -1.400110707        -3.862311551        -5.826718245    
     .7555855455        -1.667423944        -3.842690124        -5.746089458    
     .8039619308        -1.970924974        -3.821177309        -5.650242494    
     .8554356155        -2.304094630        -3.797099117        -5.536447930    
     .9102049042        -2.654027983        -3.769500445        -5.401824951    
     .9684807982        -3.000141495        -3.737154575        -5.243647442    
     1.030487808        -3.314198312        -3.698728700        -5.059952263    
     1.096464818        -3.563038700        -3.653291796        -4.850659269    
     1.166666008        -3.716087596        -3.601904697        -4.619929132    
     1.241361831        -3.761211827        -3.553148392        -4.382510514    
     1.320840057        -3.696425361        -3.501445940        -4.142638324    
     1.405406877        -3.535379994        -3.421803188        -3.888456351    
     1.495388091        -3.332325847        -3.300052765        -3.619760103    
     1.591130355        -3.136898679        -3.135225718        -3.343282075    
     1.693002519        -2.951200087        -2.951200733        -3.069706930    
     1.801397052        -2.774915872        -2.774915881        -2.811055391    
     1.916731548        -2.608444185        -2.608444182        -2.579575738    
     2.039450338        -2.451655936        -2.451655935        -2.385179050    
     2.170026202        -2.304174063        -2.304174063        -2.232279031    
     2.308962189        -2.165523674        -2.165523674        -2.115653189    
     2.456793556        -2.035206047        -2.035206047        -2.017309402    
     2.614089831        -1.912730814        -1.912730814        -1.912038701    
     2.781457004        -1.797628728        -1.797628728        -1.797625095    
     2.959539865        -1.689455899        -1.689455899        -1.689455596    
     3.149024486        -1.587794428        -1.587794428        -1.587794404    
     3.350640865        -1.492251612        -1.492251612        -1.492251610    
     3.565165738        -1.402458615        -1.402458615        -1.402458615    
     3.793425573        -1.318069034        -1.318069034        -1.318069034    
     4.036299749        -1.238757479        -1.238757479        -1.238757479    
     4.294723951        -1.164218265        -1.164218265        -1.164218265    
     4.569693770        -1.094164199        -1.094164199        -1.094164199    
     4.862268539        -1.028325468        -1.028325468        -1.028325468    
     5.173575415        -.9664485326        -.9664485326        -.9664485326    
     5.504813723        -.9082950332        -.9082950332        -.9082950332    
     5.857259573        -.8536408212        -.8536408212        -.8536408212    
     6.232270777        -.8022752354        -.8022752354        -.8022752354    
     6.631292085        -.7540003975        -.7540003975        -.7540003975    
     7.055860743        -.7086303656        -.7086303656        -.7086303656    
     7.507612420        -.6659903594        -.6659903594        -.6659903594    
     7.988287511        -.6259161050        -.6259161050        -.6259161050    
     8.499737838        -.5882532104        -.5882532104        -.5882532104    
     9.043933786        -.5528565464        -.5528565464        -.5528565464    
     9.622971895        -.5195901278        -.5195901278        -.5195901278    
     10.23908293        -.4883249373        -.4883249373        -.4883249373    
     10.89464050        -.4589412167        -.4589412167        -.4589412167    
     11.59217016        -.4313255939        -.4313255939        -.4313255939    
     12.33435917        -.4053716688        -.4053716688        -.4053716688    
     13.12406685        -.3809794529        -.3809794529        -.3809794529    
     13.96433559        -.3580549750        -.3580549750        -.3580549750    
     14.85840256        -.3365099185        -.3365099185        -.3365099185    
     15.80971219        -.3162612808        -.3162612808        -.3162612808    
     16.82192945        -.2972310535        -.2972310535        -.2972310535    
     17.89895395        -.2793459220        -.2793459220        -.2793459220    
     19.04493496        -.2625369834        -.2625369834        -.2625369834    
     20.26428745        -.2467394805        -.2467394805        -.2467394805    
     21.56170901        -.2318925528        -.2318925528        -.2318925528    
     22.94219802        -.2179390018        -.2179390018        -.2179390018    
     24.41107287        -.2048250708        -.2048250708        -.2048250708    
     25.97399248        -.1925002379        -.1925002379        -.1925002379    
     27.63697807        -.1809170209        -.1809170209        -.1809170209    
     29.40643634        -.1700307950        -.1700307950        -.1700307950    
     31.28918424        -.1597996205        -.1597996205        -.1597996205    
     33.29247512        -.1501840813        -.1501840813        -.1501840813    
     35.42402675        -.1411471330        -.1411471330        -.1411471330    
     37.69205103        -.1326539603        -.1326539603        -.1326539603    
     40.10528564        -.1246718429        -.1246718429        -.1246718429    
     42.67302765        -.1171700293        -.1171700293        -.1171700293    
     45.40516941        -.1101196184        -.1101196184        -.1101196184    
     48.31223663        -.1034934480        -.1034934480        -.1034934480    
     51.40542891        -.9726598948E-01    -.9726598948E-01    -.9726598948E-01
     54.69666290        -.9141324378E-01    -.9141324378E-01    -.9141324378E-01
&END   
&ATDENS   
 251  LOGARITHMIC GRID 
     .1000000000E-04     .1911942195    
     .1064025027E-04     .1911942195    
     .1132149259E-04     .1911942198    
     .1204635146E-04     .1911942204    
     .1281761945E-04     .1911942209    
     .1363826788E-04     .1911942215    
     .1451145836E-04     .1911942221    
     .1544055488E-04     .1911942226    
     .1642913683E-04     .1911942232    
     .1748101276E-04     .1911942238    
     .1860023508E-04     .1911942244    
     .1979111565E-04     .1911942250    
     .2105824237E-04     .1911942256    
     .2240649691E-04     .1911942262    
     .2384107349E-04     .1911942268    
     .2536749888E-04     .1911942274    
     .2699165369E-04     .1911942281    
     .2871979506E-04     .1911942288    
     .3055858072E-04     .1911942295    
     .3251509469E-04     .1911942302    
     .3459687452E-04     .1911942310    
     .3681194036E-04     .1911942317    
     .3916882585E-04     .1911942325    
     .4167661100E-04     .1911942334    
     .4434495716E-04     .1911942343    
     .4718414426E-04     .1911942352    
     .5020511039E-04     .1911942362    
     .5341949396E-04     .1911942373    
     .5683967853E-04     .1911942384    
     .6047884051E-04     .1911942396    
     .6435099993E-04     .1911942409    
     .6847107446E-04     .1911942423    
     .7285493688E-04     .1911942438    
     .7751947622E-04     .1911942454    
     .8248266281E-04     .1911942472    
     .8776361756E-04     .1911942492    
     .9338268558E-04     .1911942513    
     .9936151458E-04     .1911942536    
     .1057231383E-03     .1911942561    
     .1124920651E-03     .1911942589    
     .1196943727E-03     .1911942620    
     .1273578082E-03     .1911942655    
     .1355118953E-03     .1911942693    
     .1441880481E-03     .1911942735    
     .1534196919E-03     .1911942782    
     .1632423918E-03     .1911942835    
     .1736939905E-03     .1911942893    
     .1848147530E-03     .1911942959    
     .1966475226E-03     .1911943032    
     .2092378856E-03     .1911943115    
     .2226343470E-03     .1911943207    
     .2368885172E-03     .1911943311    
     .2520553110E-03     .1911943428    
     .2681931592E-03     .1911943559    
     .2853642335E-03     .1911943707    
     .3036346864E-03     .1911943874    
     .3230749055E-03     .1911944062    
     .3437597852E-03     .1911944274    
     .3657690149E-03     .1911944514    
     .3891873861E-03     .1911944784    
     .4141051192E-03     .1911945089    
     .4406182108E-03     .1911945433    
     .4688288038E-03     .1911945823    
     .4988455808E-03     .1911946263    
     .5307841828E-03     .1911946760    
     .5647676547E-03     .1911947323    
     .6009269193E-03     .1911947959    
     .6394012818E-03     .1911948678    
     .6803389664E-03     .1911949492    
     .7238976874E-03     .1911950412    
     .7702452567E-03     .1911951453    
     .8195602303E-03     .1911952631    
     .8720325966E-03     .1911953964    
     .9278645075E-03     .1911955472    
     .9872710580E-03     .1911957179    
     .1050481115E-02     .1911959111    
     .1117738197E-02     .1911961297    
     .1189301415E-02     .1911963772    
     .1265446471E-02     .1911966573    
     .1346466716E-02     .1911969743    
     .1432674285E-02     .1911973331    
     .1524401295E-02     .1911977393    
     .1622001130E-02     .1911981991    
     .1725849797E-02     .1911987196    
     .1836347377E-02     .1911993088    
     .1953919568E-02     .1911999757    
     .2079019322E-02     .1912007308    
     .2212128591E-02     .1912015855    
     .2353760185E-02     .1912025532    
     .2504459746E-02     .1912036486    
     .2664807849E-02     .1912048887    
     .2835422245E-02     .1912062927    
     .3016960232E-02     .1912078821    
     .3210121194E-02     .1912096814    
     .3415649291E-02     .1912117185    
     .3634336331E-02     .1912140247    
     .3867024814E-02     .1912166356    
     .4114611184E-02     .1912195914    
     .4378049278E-02     .1912229378    
     .4658354003E-02     .1912267263    
     .4956605246E-02     .1912310154    
     .5273952032E-02     .1912358713    
     .5611616956E-02     .1912413687    
     .5970900885E-02     .1912475926    
     .6353187978E-02     .1912546388    
     .6759951013E-02     .1912626161    
     .7192757062E-02     .1912716475    
     .7653273530E-02     .1912818724    
     .8143274578E-02     .1912934483    
     .8664647956E-02     .1913065538    
     .9219402279E-02     .1913213911    
     .9809674763E-02     .1913381890    
     .1043773946E-01     .1913572066    
     .1110601601E-01     .1913787371    
     .1181707899E-01     .1914031126    
     .1257366780E-01     .1914307091    
     .1337869723E-01     .1914619521    
     .1423526868E-01     .1914973234    
     .1514668215E-01     .1915373685    
     .1611644889E-01     .1915827049    
     .1714830497E-01     .1916340317    
     .1824622567E-01     .1916921403    
     .1941444077E-01     .1917579267    
     .2065745087E-01     .1918324051    
     .2198004473E-01     .1919167239    
     .2338731770E-01     .1920121827    
     .2488469135E-01     .1921202531    
     .2647793440E-01     .1922426008    
     .2817318488E-01     .1923811113    
     .2997697381E-01     .1925379193    
     .3189625038E-01     .1927154406    
     .3393840869E-01     .1929164102    
     .3611131623E-01     .1931439237    
     .3842334424E-01     .1934014848    
     .4088339991E-01     .1936930593    
     .4350096071E-01     .1940231354    
     .4628611092E-01     .1943967929    
     .4924958044E-01     .1948197804    
     .5240278618E-01     .1952986029    
     .5575787600E-01     .1958406216    
     .5932777554E-01     .1964541654    
     .6312623800E-01     .1971486574    
     .6716789711E-01     .1979347581    
     .7146832357E-01     .1988245263    
     .7604408495E-01     .1998316011    
     .8091280957E-01     .2009714072    
     .8609325442E-01     .2022613858    
     .9160537740E-01     .2037212551    
     .9747041420E-01     .2053733037    
     .1037109601         .2072427201    
     .1103510572         .2093579633    
     .1174162867         .2117511787    
     .1249338676         .2144586650    
     .1329327620         .2175213962    
     .1414437857         .2209856060    
     .1504997279         .2249034400    
     .1601354771         .2293336823    
     .1703881555         .2343425630    
     .1812972618         .2400046537    
     .1929048240         .2464038565    
     .2052555606         .2536344940    
     .2183970535         .2618025025    
     .2323799308         .2710267345    
     .2472580623         .2814403681    
     .2630887665         .2931924212    
     .2799330320         .3064493598    
     .2978557520         .3213967807    
     .3169259747         .3382411356    
     .3372171690         .3572114430    
     .3588075074         .3785608991    
     .3817801680         .4025682536    
     .4062236537         .4295387346    
     .4322321342         .4598041873    
     .4599058085         .4937218961    
     .4893512905         .5316712560    
     .5206820203         .5740469797    
     .5540187009         .6212467861    
     .5894897634         .6736504011    
     .6272318617         .7315850828    
     .6673903989         .7952707064    
     .7101200875         .8647348489    
     .7555855455         .9396860374    
     .8039619308         1.019333258    
     .8554356155         1.102145930    
     .9102049042         1.185567375    
     .9684807982         1.265734333    
     1.030487808         1.337318235    
     1.096464818         1.393674494    
     1.166666008         1.427509549    
     1.241361831         1.432160905    
     1.320840057         1.403270287    
     1.405406877         1.340217813    
     1.495388091         1.246525241    
     1.591130355         1.128930637    
     1.693002519         .9958922254    
     1.801397052         .8562067184    
     1.916731548         .7177395471    
     2.039450338         .5868314333    
     2.170026202         .4680538536    
     2.308962189         .3641989011    
     2.456793556         .2764498692    
     2.614089831         .2046704934    
     2.781457004         .1477512561    
     2.959539865         .1039595543    
     3.149024486         .7125384094E-01
     3.350640865         .4753704110E-01
     3.565165738         .3083886124E-01
     3.793425573         .1942838133E-01
     4.036299749         .1186655584E-01
     4.294723951         .7012772748E-02
     4.569693770         .4000830957E-02
     4.862268539         .2198384235E-02
     5.173575415         .1160983871E-02
     5.504813723         .5881616419E-03
     5.857259573         .2852900151E-03
     6.232270777         .1321917421E-03
     6.631292085         .5835041516E-04
     7.055860743         .2445812760E-04
     7.507612420         .9700296116E-05
     7.988287511         .3624757430E-05
     8.499737838         .1268611948E-05
     9.043933786         .4120937117E-06
     9.622971895         .1226302018E-06
     10.23908293         .3451243861E-07
     10.89464050         .8974073526E-08
     11.59217016         .2144128072E-08
     12.33435917         .4681162142E-09
     13.12406685         .9284210223E-10
     13.96433559         .1662279373E-10
     14.85840256         .2668896973E-11
     15.80971219         .3815387202E-12
     16.82192945         .4819814602E-13
     17.89895395         .5336950778E-14
     19.04493496         .5135431082E-15
     20.26428745         .4254769131E-16
     21.56170901         .3005450372E-17
     22.94219802         .1791014616E-18
     24.41107287         .8903104219E-20
     25.97399248         .3645287873E-21
     27.63697807         .8318852583E-23
     29.40643634         .4147064529E-24
     31.28918424         .2997565582E-25
     33.29247512         .2133083108E-26
     35.42402675         .1490919503E-27
     37.69205103         .1020116929E-28
     40.10528564         .6798690717E-30
     42.67302765         .4379276511E-31
     45.40516941         .2691156819E-32
     48.31223663         .1540026954E-33
     51.40542891         .7776023268E-35
     54.69666290         .2907399860E-36
&END   
&WAVEFUNCTION 
 251   CHANNELS=1 
     .1000000000E-04     .8722027446E-06     .1733821470E-10     .1048026843E-15
     .1064025027E-04     .9280455493E-06     .1962944692E-10     .1262489803E-15
     .1132149259E-04     .9874636917E-06     .2222346429E-10     .1520840020E-15
     .1204635146E-04     .1050686083E-05     .2516027971E-10     .1832057950E-15
     .1281761945E-04     .1117956290E-05     .2848519325E-10     .2206962103E-15
     .1363826788E-04     .1189533474E-05     .3224949182E-10     .2658584962E-15
     .1451145836E-04     .1265693389E-05     .3651123984E-10     .3202625903E-15
     .1544055488E-04     .1346729445E-05     .4133617491E-10     .3857996949E-15
     .1642913683E-04     .1432953836E-05     .4679872180E-10     .4647480195E-15
     .1748101276E-04     .1524698747E-05     .5298314048E-10     .5598519763E-15
     .1860023508E-04     .1622317628E-05     .5998482581E-10     .6744175814E-15
     .1979111565E-04     .1726186562E-05     .6791177901E-10     .8124273796E-15
     .2105824237E-04     .1836705706E-05     .7688627358E-10     .9786788858E-15
     .2240649691E-04     .1954300842E-05     .8704674139E-10     .1178951357E-14
     .2384107349E-04     .2079425010E-05     .9854990799E-10     .1420206691E-14
     .2536749888E-04     .2212560257E-05     .1115732101E-09     .1710831437E-14
     .2699165369E-04     .2354219491E-05     .1263175325E-09     .2060928333E-14
     .2871979506E-04     .2504948463E-05     .1430103070E-09     .2482667491E-14
     .3055858072E-04     .2665327861E-05     .1619090200E-09     .2990709464E-14
     .3251509469E-04     .2835975554E-05     .1833051849E-09     .3602714876E-14
     .3459687452E-04     .3017548972E-05     .2075288382E-09     .4339958338E-14
     .3681194036E-04     .3210747632E-05     .2349536304E-09     .5228068005E-14
     .3916882585E-04     .3416315843E-05     .2660025900E-09     .6297916463E-14
     .4167661100E-04     .3635045564E-05     .3011546480E-09     .7586693926E-14
     .4434495716E-04     .3867779463E-05     .3409520262E-09     .9139201045E-14
     .4718414426E-04     .4115414156E-05     .3860086004E-09     .1100940628E-13
     .5020511039E-04     .4378903668E-05     .4370193696E-09     .1326232195E-13
     .5341949396E-04     .4659263103E-05     .4947711766E-09     .1597626420E-13
     .5683967853E-04     .4957572561E-05     .5601548450E-09     .1924557547E-13
     .6047884051E-04     .5274981290E-05     .6341789198E-09     .2318390397E-13
     .6435099993E-04     .5612712122E-05     .7179852249E-09     .2792815440E-13
     .6847107446E-04     .5972066182E-05     .8128664751E-09     .3364324703E-13
     .7285493688E-04     .6354427897E-05     .9202862169E-09     .4052785065E-13
     .7751947622E-04     .6761270332E-05     .1041901403E-08     .4882128876E-13
     .8248266281E-04     .7194160867E-05     .1179587952E-08     .5881185896E-13
     .8776361756E-04     .7654767232E-05     .1335469683E-08     .7084685476E-13
     .9338268558E-04     .8144863934E-05     .1511951076E-08     .8534463828E-13
     .9936151458E-04     .8666339094E-05     .1711754363E-08     .1028091834E-12
     .1057231383E-03     .9221201718E-05     .1937961517E-08     .1238475948E-12
     .1124920651E-03     .9811589440E-05     .2194061789E-08     .1491912127E-12
     .1196943727E-03     .1043977676E-04     .2484005534E-08     .1797210352E-12
     .1273578082E-03     .1110818379E-04     .2812265144E-08     .2164983440E-12
     .1355118953E-03     .1181938560E-04     .3183904033E-08     .2608015967E-12
     .1441880481E-03     .1257612214E-04     .3604654744E-08     .3141708689E-12
     .1534196919E-03     .1338130876E-04     .4081007370E-08     .3784613900E-12
     .1632423918E-03     .1423804748E-04     .4620309665E-08     .4559080358E-12
     .1736939905E-03     .1514963894E-04     .5230880383E-08     .5492030165E-12
     .1848147530E-03     .1611959507E-04     .5922137597E-08     .6615894646E-12
     .1966475226E-03     .1715165269E-04     .6704743972E-08     .7969741722E-12
     .2092378856E-03     .1824978784E-04     .7590771235E-08     .9600634004E-12
     .2226343470E-03     .1941823114E-04     .8593886385E-08     .1156526478E-11
     .2368885172E-03     .2066148408E-04     .9729562504E-08     .1393192880E-11
     .2520553110E-03     .2198433635E-04     .1101531743E-07     .1678289634E-11
     .2681931592E-03     .2339188431E-04     .1247098397E-07     .2021727311E-11
     .2853642335E-03     .2488955061E-04     .1411901584E-07     .2435444534E-11
     .3036346864E-03     .2648310508E-04     .1598483396E-07     .2933822996E-11
     .3230749055E-03     .2817868698E-04     .1809721864E-07     .3534187391E-11
     .3437597852E-03     .2998282863E-04     .2048875347E-07     .4257407662E-11
     .3657690149E-03     .3190248057E-04     .2319632796E-07     .5128624484E-11
     .3891873861E-03     .3394503838E-04     .2626170652E-07     .6178123204E-11
     .4141051192E-03     .3611837114E-04     .2973217269E-07     .7442386627E-11
     .4406182108E-03     .3843085172E-04     .3366125853E-07     .8965363234E-11
     .4688288038E-03     .4089138911E-04     .3810957027E-07     .1079999492E-10
     .4988455808E-03     .4350946268E-04     .4314572327E-07     .1301005738E-10
     .5307841828E-03     .4629515874E-04     .4884740030E-07     .1567237706E-10
     .5647676547E-03     .4925920935E-04     .5530254988E-07     .1887950183E-10
     .6009269193E-03     .5241303375E-04     .6261074285E-07     .2274291812E-10
     .6394012818E-03     .5576878228E-04     .7088470827E-07     .2739692646E-10
     .6803389664E-03     .5933938322E-04     .8025207224E-07     .3300330999E-10
     .7238976874E-03     .6313859261E-04     .9085732655E-07     .3975695841E-10
     .7702452567E-03     .6718104723E-04     .1028640575E-06     .4789264275E-10
     .8195602303E-03     .7148232104E-04     .1164574690E-06     .5769317648E-10
     .8720325966E-03     .7605898511E-04     .1318472398E-06     .6949924670E-10
     .9278645075E-03     .8092867153E-04     .1492707573E-06     .8372125708E-10
     .9872710580E-03     .8611014135E-04     .1689967795E-06     .1008535944E-09
     .1050481115E-02     .9162335682E-04     .1913295803E-06     .1214918142E-09
     .1117738197E-02     .9748955836E-04     .2166136436E-06     .1463533439E-09
     .1189301415E-02     .1037313464E-03     .2452389759E-06     .1763024215E-09
     .1265446471E-02     .1103727684E-03     .2776471231E-06     .2123801386E-09
     .1346466716E-02     .1174394116E-03     .3143379806E-06     .2558406302E-09
     .1432674285E-02     .1249585017E-03     .3558775046E-06     .3081946716E-09
     .1524401295E-02     .1329590075E-03     .4029064416E-06     .3712621949E-09
     .1622001130E-02     .1414717530E-03     .4561502119E-06     .4472355537E-09
     .1725849797E-02     .1505295356E-03     .5164300992E-06     .5387557331E-09
     .1836347377E-02     .1601672532E-03     .5846759185E-06     .6490041548E-09
     .1953919568E-02     .1704220382E-03     .6619403585E-06     .7818132686E-09
     .2079019322E-02     .1813334008E-03     .7494152189E-06     .9417997749E-09
     .2212128591E-02     .1929433814E-03     .8484497934E-06     .1134525108E-08
     .2353760185E-02     .2052967127E-03     .9605716824E-06     .1366688760E-08
     .2504459746E-02     .2184409922E-03     .1087510355E-05     .1646361165E-08
     .2664807849E-02     .2324268655E-03     .1231223827E-05     .1983264235E-08
     .2835422245E-02     .2473082221E-03     .1393928858E-05     .2389109309E-08
     .3016960232E-02     .2631424030E-03     .1578135149E-05     .2878004249E-08
     .3210121194E-02     .2799904219E-03     .1786684050E-05     .3466943844E-08
     .3415649291E-02     .2979172011E-03     .2022792384E-05     .4176400557E-08
     .3634336331E-02     .3169918214E-03     .2290102067E-05     .5031036167E-08
     .3867024814E-02     .3372877896E-03     .2592736276E-05     .6060559011E-08
     .4114611184E-02     .3588833219E-03     .2935363051E-05     .7300756661E-08
     .4378049278E-02     .3818616461E-03     .3323267286E-05     .8794739884E-08
     .4658354003E-02     .4063113239E-03     .3762432245E-05     .1059444116E-07
     .4956605246E-02     .4323265925E-03     .4259631842E-05     .1276241982E-07
     .5273952032E-02     .4600077297E-03     .4822535114E-05     .1537403650E-07
     .5611616956E-02     .4894614420E-03     .5459824501E-05     .1852007262E-07
     .5970900885E-02     .5208012779E-03     .6181329749E-05     .2230988569E-07
     .6353187978E-02     .5541480677E-03     .6998179505E-05     .2687521032E-07
     .6759951013E-02     .5896303927E-03     .7922972944E-05     .3237473688E-07
     .7192757062E-02     .6273850843E-03     .8969974056E-05     .3899962693E-07
     .7653273530E-02     .6675577555E-03     .1015533162E-04     .4698015706E-07
     .8143274578E-02     .7103033677E-03     .1149732821E-04     .5659372202E-07
     .8664647956E-02     .7557868347E-03     .1301666211E-04     .6817447505E-07
     .9219402279E-02     .8041836658E-03     .1473676646E-04     .8212494037E-07
     .9809674763E-02     .8556806519E-03     .1668417055E-04     .9893000122E-07
     .1043773946E-01     .9104765971E-03     .1888890883E-04     .1191737491E-06
     .1110601601E-01     .9687830985E-03     .2138498392E-04     .1435597795E-06
     .1181707899E-01     .1030825379E-02     .2421089073E-04     .1729356388E-06
     .1257366780E-01     .1096843175E-02     .2741020987E-04     .2083222706E-06
     .1337869723E-01     .1167091686E-02     .3103227926E-04     .2509494846E-06
     .1423526868E-01     .1241842586E-02     .3513295447E-04     .3022986771E-06
     .1514668215E-01     .1321385108E-02     .3977546936E-04     .3641542880E-06
     .1611644889E-01     .1406027201E-02     .4503141029E-04     .4386657759E-06
     .1714830497E-01     .1496096770E-02     .5098181879E-04     .5284222631E-06
     .1824622567E-01     .1591942999E-02     .5771843972E-04     .6365424363E-06
     .1941444077E-01     .1693937778E-02     .6534513389E-04     .7667828192E-06
     .2065745087E-01     .1802477220E-02     .7397947694E-04     .9236681670E-06
     .2198004473E-01     .1917983307E-02     .8375456883E-04     .1112648496E-05
     .2338731770E-01     .2040905639E-02     .9482108163E-04     .1340288184E-05
     .2488469135E-01     .2171723334E-02     .1073495769E-03     .1614493677E-05
     .2647793440E-01     .2310947062E-02     .1215331280E-03     .1944787679E-05
     .2817318488E-01     .2459121251E-02     .1375902871E-03     .2342639279E-05
     .2997697381E-01     .2616826457E-02     .1557684421E-03     .2821861415E-05
     .3189625038E-01     .2784681949E-02     .1763476145E-03     .3399089372E-05
     .3393840869E-01     .2963348491E-02     .1996447552E-03     .4094356781E-05
     .3611131623E-01     .3153531390E-02     .2260186040E-03     .4931788919E-05
     .3842334424E-01     .3355983796E-02     .2558751841E-03     .5940437122E-05
     .4088339991E-01     .3571510323E-02     .2896740165E-03     .7155282890E-05
     .4350096071E-01     .3800971005E-02     .3279351449E-03     .8618446039E-05
     .4628611092E-01     .4045285651E-02     .3712470764E-03     .1038063814E-04
     .4924958044E-01     .4305438634E-02     .4202757564E-03     .1250291069E-04
     .5240278618E-01     .4582484192E-02     .4757747076E-03     .1505875748E-04
     .5575787600E-01     .4877552307E-02     .5385964835E-03     .1813664209E-04
     .5932777554E-01     .5191855254E-02     .6097056014E-03     .2184303607E-04
     .6312623800E-01     .5526694907E-02     .6901931410E-03     .2630606941E-04
     .6716789711E-01     .5883470953E-02     .7812932169E-03     .3167991578E-04
     .7146832357E-01     .6263690127E-02     .8844015568E-03     .3815005791E-04
     .7604408495E-01     .6668976665E-02     .1001096444E-02     .4593960730E-04
     .8091280957E-01     .7101084168E-02     .1133162310E-02     .5531688559E-04
     .8609325442E-01     .7561909124E-02     .1282616298E-02     .6660451419E-04
     .9160537740E-01     .8053506397E-02     .1451738140E-02     .8019030543E-04
     .9747041420E-01     .8578107017E-02     .1643103747E-02     .9654030256E-04
     .1037109601         .9138138714E-02     .1859622914E-02     .1162143795E-03
     .1103510572         .9736249704E-02     .2104581612E-02     .1398848853E-03
     .1174162867         .1037533635E-01     .2381689360E-02     .1683589023E-03
     .1249338676         .1105857542E-01     .2695132188E-02     .2026047868E-03
     .1329327620         .1178946193E-01     .3049631775E-02     .2437837684E-03
     .1414437857         .1257185352E-01     .3450511315E-02     .2932875117E-03
     .1504997279         .1341002283E-01     .3903768717E-02     .3527826799E-03
     .1601354771         .1430871948E-01     .4416157731E-02     .4242636872E-03
     .1703881555         .1527324342E-01     .4995277542E-02     .5101149882E-03
     .1812972618         .1630953230E-01     .5649671345E-02     .6131844061E-03
     .1929048240         .1742426550E-01     .6388934298E-02     .7368691576E-03
     .2052555606         .1862498843E-01     .7223831065E-02     .8852163614E-03
     .2183970535         .1992026126E-01     .8166422966E-02     .1063039900E-02
     .2323799308         .2131983710E-01     .9230204340E-02     .1276055517E-02
     .2472580623         .2283487587E-01     .1043024730E-01     .1531035922E-02
     .2630887665         .2447820087E-01     .1178335333E-01     .1835987372E-02
     .2799330320         .2626460669E-01     .1330820936E-01     .2200348656E-02
     .2978557520         .2821122831E-01     .1502554463E-01     .2635212443E-02
     .3169259747         .3033798234E-01     .1695828317E-01     .3153567509E-02
     .3372171690         .3266809255E-01     .1913168469E-01     .3770558143E-02
     .3588075074         .3522871176E-01     .2157346369E-01     .4503753940E-02
     .3817801680         .3805165065E-01     .2431387355E-01     .5373418747E-02
     .4062236537         .4117421973E-01     .2738573753E-01     .6402761678E-02
     .4322321342         .4464018107E-01     .3082440293E-01     .7618145208E-02
     .4599058085         .4850078811E-01     .3466758751E-01     .9049215358E-02
     .4893512905         .5281585985E-01     .3895507792E-01     .1072890652E-01
     .5206820203         .5765478132E-01     .4372822821E-01     .1269325862E-01
     .5540187009         .6309723446E-01     .4902919202E-01     .1498096778E-01
     .5894897634         .6923332727E-01     .5489980387E-01     .1763257457E-01
     .6272318617         .7616258535E-01     .6138000291E-01     .2068917919E-01
     .6673903989         .8399098576E-01     .6850566594E-01     .2419056514E-01
     .7101200875         .9282484594E-01     .7630568617E-01     .2817261893E-01
     .7555855455         .1027599783         .8479810219E-01     .3266396376E-01
     .8039619308         .1138642210         .9398505335E-01     .3768179222E-01
     .8554356155         .1261515769         .1038463273         .4322700265E-01
     .9102049042         .1395472959         .1143312988         .4927892739E-01
     .9684807982         .1538461508         .1253491870         .5579019444E-01
     1.030487808         .1686716244         .1367578716         .6268257057E-01
     1.096464818         .1834515361         .1483521409         .6984494631E-01
     1.166666008         .1974328633         .1598533930         .7713484523E-01
     1.241361831         .2097578953         .1709046322         .8438482699E-01
     1.320840057         .2196048708         .1810770346         .9141472959E-01
     1.405406877         .2263535320         .1898965754         .9804971088E-01
     1.495388091         .2296867337         .1968985792         .1041424727    
     1.591130355         .2295453402         .2017084930         .1095960743    
     1.693002519         .2260106918         .2041167281         .1143818306    
     1.801397052         .2192793923         .2040690618         .1185456076    
     1.916731548         .2096566582         .2015969379         .1221960760    
     2.039450338         .1975387636         .1968018412         .1254708444    
     2.170026202         .1833919733         .1898501573         .1284820054    
     2.308962189         .1677287739         .1809661048         .1312539193    
     2.456793556         .1510826185         .1704225412         .1336855822    
     2.614089831         .1339825385         .1585298650         .1355885915    
     2.781457004         .1169290625         .1456233985         .1368117155    
     2.959539865         .1003728716         .1320497946         .1372905404    
     3.149024486         .8469749579E-01     .1181531789         .1369750550    
     3.350640865         .7020714497E-01     .1042619318         .1358169311    
     3.565165738         .5712039940E-01     .9067711393E-01     .1337695449    
     3.793425573         .4556996993E-01     .7766350256E-01     .1307904357    
     4.036299749         .3560809700E-01     .6544390331E-01     .1268472857    
     4.294723951         .2721646101E-01     .5419673751E-01     .1219288578    
     4.569693770         .2031885736E-01     .4405586270E-01     .1160605902    
     4.862268539         .1479460648E-01     .3511049520E-01     .1093202286    
     5.173575415         .1049114436E-01     .2740308407E-01     .1018431853    
     5.504813723         .7235689878E-02     .2092564644E-01     .9380738382E-01
     5.857259573         .4847248568E-02     .1561953155E-01     .8540194886E-01
     6.232270777         .3149317981E-02     .1138377486E-01     .7680273685E-01
     6.631292085         .1981032062E-02     .8090100470E-02     .6817003775E-01
     7.055860743         .1204165025E-02     .5597701984E-02     .5965479560E-01
     7.507612420         .7058151469E-03     .3764526974E-02     .5139812718E-01
     7.988287511         .3980012952E-03     .2455660226E-02     .4352478104E-01
     8.499737838         .2152564149E-03     .1549293333E-02     .3613297174E-01
     9.043933786         .1111526178E-03     .9412165729E-03     .2931827476E-01
     9.622971895         .5434686083E-04     .5470514286E-03     .2321723108E-01
     10.23908293         .2552038714E-04     .3091000957E-03     .1826920132E-01
     10.89464050         .1138296355E-04     .1678318223E-03     .1409795037E-01
     11.59217016         .4805890399E-05     .8733373281E-04     .1065332197E-01
     12.33435917         .1913915002E-05     .4343543148E-04     .7871833419E-02
     13.12406685         .7162762505E-06     .2058753509E-04     .5678750654E-02
     13.96433559         .2509073450E-06     .9270850062E-05     .3992930744E-02
     14.85840256         .8191546721E-07     .3953254122E-05     .2731614176E-02
     15.80971219         .2481152571E-07     .1590660496E-05     .1814726643E-02
     16.82192945         .6938289600E-08     .6016611716E-06     .1168396864E-02
     17.89895395         .1781926203E-08     .2130747296E-06     .7274865850E-03
     19.04493496         .4179566937E-09     .7034819135E-07     .4370443444E-03
     20.26428745         .8899599376E-10     .2155378718E-07     .2527210927E-03
     21.56170901         .1709685645E-10     .6098399705E-08     .1403000677E-03
     22.94219802         .3012274110E-11     .1585090286E-08     .7457457675E-04
     24.41107287        -.1462161766E-12     .3763394270E-09     .3784277086E-04
     25.97399248        -.1099255975E-13     .8082433492E-10     .1827672796E-04
     27.63697807        -.8163084138E-15     .8867366750E-11     .8373701458E-05
     29.40643634        -.5983815015E-16     .4987467202E-12     .3626853679E-05
     31.28918424        -.4325198658E-17     .3605022280E-13     .1479549434E-05
     33.29247512        -.3077833644E-18     .2565352424E-14     .5662461608E-06
     35.42402675        -.2151253361E-19     .1793054356E-15     .2024580773E-06
     37.69205103        -.1471930556E-20     .1226843636E-16     .6732498846E-07
     40.10528564        -.9809856420E-22     .8176445466E-18     .2072316994E-07
     42.67302765        -.6318874558E-23     .5266736945E-19     .5874377665E-08
     45.40516941        -.3883080302E-24     .3236519778E-20     .1525215578E-08
     48.31223663        -.2222110688E-25     .1852113434E-21     .3607302132E-09
     51.40542891        -.1122005324E-26     .9351834470E-23     .7857026850E-10
     54.69666290        -.4195098199E-28     .3496584474E-24    -.4025764400E-12
&END   
