&ATOM  
 Z  =   16
 ZV =    6
 XC = 1100        .666667
 TYPE = NORMCONSERVING BHS
&END   
&INFO  
    ============================================================
    |    SULFUR SGS PSEUDOPOTENTIAL                            |
    ============================================================
&END  
&POTENTIAL
    BHS
              1.4256    2.9900    -.4256    1.1900
              3.4200      -65428.0868790        8011.1853883
              3.7600       54917.7900642       19534.3439520
              4.4600       10526.4064099        2100.1104469
              2.0800        -425.6056835          65.0573804
              2.6300         129.2987799         344.4736813
              3.5300         305.3633996         106.3091988
              3.1000      423582.1596622      -48766.5953130
              3.5200     2265076.0141745     -522059.7996357
              3.7600    -2688653.2189451     -252366.7401396
&END 
&WAVEFUNCTION
       253      1.050000000
        .6250000E-03        .1703313E-03        .2837036E-06
        .6562500E-03        .1788479E-03        .3127831E-06
        .6890624E-03        .1877903E-03        .3448434E-06
        .7235155E-03        .1971798E-03        .3801898E-06
        .7596913E-03        .2070387E-03        .4191593E-06
        .7976758E-03        .2173907E-03        .4621232E-06
        .8375595E-03        .2282602E-03        .5094909E-06
        .8794375E-03        .2396732E-03        .5617138E-06
        .9234093E-03        .2516569E-03        .6192895E-06
        .9695797E-03        .2642398E-03        .6827667E-06
        .1018059E-02        .2774518E-03        .7527504E-06
        .1068962E-02        .2913244E-03        .8299074E-06
        .1122410E-02        .3058907E-03        .9149730E-06
        .1178530E-02        .3211853E-03        .1008758E-05
        .1237456E-02        .3372446E-03        .1112156E-05
        .1299329E-02        .3541069E-03        .1226152E-05
        .1364296E-02        .3718124E-03        .1351832E-05
        .1432510E-02        .3904032E-03        .1490395E-05
        .1504136E-02        .4099235E-03        .1643161E-05
        .1579342E-02        .4304198E-03        .1811585E-05
        .1658310E-02        .4519410E-03        .1997273E-05
        .1741225E-02        .4745383E-03        .2201994E-05
        .1828286E-02        .4982656E-03        .2427698E-05
        .1919700E-02        .5231792E-03        .2676537E-05
        .2015685E-02        .5493386E-03        .2950883E-05
        .2116469E-02        .5768060E-03        .3253348E-05
        .2222293E-02        .6056468E-03        .3586817E-05
        .2333407E-02        .6359299E-03        .3954466E-05
        .2450078E-02        .6677271E-03        .4359798E-05
        .2572581E-02        .7011144E-03        .4806678E-05
        .2701210E-02        .7361712E-03        .5299363E-05
        .2836271E-02        .7729809E-03        .5842547E-05
        .2978084E-02        .8116314E-03        .6441408E-05
        .3126988E-02        .8522146E-03        .7101652E-05
        .3283337E-02        .8948273E-03        .7829572E-05
        .3447504E-02        .9395709E-03        .8632102E-05
        .3619879E-02        .9865520E-03        .9516892E-05
        .3800873E-02        .1035883E-02        .1049237E-04
        .3990916E-02        .1087680E-02        .1156784E-04
        .4190462E-02        .1142068E-02        .1275354E-04
        .4399985E-02        .1199176E-02        .1406078E-04
        .4619984E-02        .1259141E-02        .1550200E-04
        .4850983E-02        .1322104E-02        .1709095E-04
        .5093532E-02        .1388217E-02        .1884277E-04
        .5348208E-02        .1457636E-02        .2077415E-04
        .5615618E-02        .1530527E-02        .2290349E-04
        .5896399E-02        .1607065E-02        .2525109E-04
        .6191219E-02        .1687432E-02        .2783931E-04
        .6500779E-02        .1771818E-02        .3069283E-04
        .6825818E-02        .1860427E-02        .3383882E-04
        .7167108E-02        .1953469E-02        .3730728E-04
        .7525464E-02        .2051166E-02        .4113124E-04
        .7901736E-02        .2153752E-02        .4534716E-04
        .8296823E-02        .2261471E-02        .4999520E-04
        .8711664E-02        .2374582E-02        .5511965E-04
        .9147246E-02        .2493353E-02        .6076934E-04
        .9604608E-02        .2618070E-02        .6699812E-04
        .1008484E-01        .2749031E-02        .7386532E-04
        .1058908E-01        .2886549E-02        .8143639E-04
        .1111853E-01        .3030953E-02        .8978346E-04
        .1167446E-01        .3182589E-02        .9898608E-04
        .1225818E-01        .3341822E-02        .1091319E-03
        .1287109E-01        .3509032E-02        .1203176E-03
        .1351464E-01        .3684621E-02        .1326499E-03
        .1419038E-01        .3869011E-02        .1462460E-03
        .1489989E-01        .4062647E-02        .1612357E-03
        .1564489E-01        .4265993E-02        .1777618E-03
        .1642713E-01        .4479540E-02        .1959816E-03
        .1724849E-01        .4703803E-02        .2160687E-03
        .1811091E-01        .4939325E-02        .2382146E-03
        .1901646E-01        .5186675E-02        .2626302E-03
        .1996728E-01        .5446453E-02        .2895481E-03
        .2096564E-01        .5719291E-02        .3192247E-03
        .2201392E-01        .6005851E-02        .3519427E-03
        .2311462E-01        .6306833E-02        .3880138E-03
        .2427035E-01        .6622973E-02        .4277814E-03
        .2548386E-01        .6955046E-02        .4716244E-03
        .2675805E-01        .7303868E-02        .5199604E-03
        .2809595E-01        .7670300E-02        .5732495E-03
        .2950075E-01        .8055249E-02        .6319994E-03
        .3097579E-01        .8459671E-02        .6967693E-03
        .3252458E-01        .8884576E-02        .7681759E-03
        .3415080E-01        .9331030E-02        .8468991E-03
        .3585834E-01        .9800156E-02        .9336881E-03
        .3765126E-01        .1029315E-01        .1029369E-02
        .3953382E-01        .1081125E-01        .1134853E-02
        .4151051E-01        .1135581E-01        .1251143E-02
        .4358603E-01        .1192823E-01        .1379345E-02
        .4576533E-01        .1252999E-01        .1520680E-02
        .4805359E-01        .1316269E-01        .1676491E-02
        .5045627E-01        .1382800E-01        .1848260E-02
        .5297908E-01        .1452770E-01        .2037620E-02
        .5562803E-01        .1526370E-01        .2246370E-02
        .5840943E-01        .1603802E-01        .2476495E-02
        .6132990E-01        .1685280E-01        .2730179E-02
        .6439639E-01        .1771036E-01        .3009832E-02
        .6761621E-01        .1861314E-01        .3318109E-02
        .7099702E-01        .1956378E-01        .3657933E-02
        .7454686E-01        .2056511E-01        .4032529E-02
        .7827420E-01        .2162014E-01        .4445446E-02
        .8218791E-01        .2273216E-01        .4900596E-02
        .8629730E-01        .2390465E-01        .5402288E-02
        .9061216E-01        .2514143E-01        .5955269E-02
        .9514277E-01        .2644659E-01        .6564767E-02
        .9989990E-01        .2782459E-01        .7236538E-02
        .1048949E+00        .2928027E-01        .7976921E-02
        .1101396E+00        .3081888E-01        .8792895E-02
        .1156466E+00        .3244617E-01        .9692143E-02
        .1214289E+00        .3416844E-01        .1068312E-01
        .1275004E+00        .3599257E-01        .1177513E-01
        .1338754E+00        .3792613E-01        .1297841E-01
        .1405691E+00        .3997748E-01        .1430422E-01
        .1475976E+00        .4215582E-01        .1576493E-01
        .1549775E+00        .4447134E-01        .1737415E-01
        .1627263E+00        .4693537E-01        .1914684E-01
        .1708626E+00        .4956047E-01        .2109941E-01
        .1794058E+00        .5236066E-01        .2324989E-01
        .1883761E+00        .5535160E-01        .2561807E-01
        .1977948E+00        .5855080E-01        .2822563E-01
        .2076846E+00        .6197792E-01        .3109635E-01
        .2180688E+00        .6565504E-01        .3425625E-01
        .2289722E+00        .6960700E-01        .3773382E-01
        .2404208E+00        .7386185E-01        .4156016E-01
        .2524419E+00        .7845125E-01        .4576923E-01
        .2650639E+00        .8341099E-01        .5039806E-01
        .2783171E+00        .8878164E-01        .5548691E-01
        .2922330E+00        .9460915E-01        .6107953E-01
        .3068446E+00        .1009457E+00        .6722330E-01
        .3221868E+00        .1078503E+00        .7396943E-01
        .3382961E+00        .1153903E+00        .8137308E-01
        .3552109E+00        .1236418E+00        .8949341E-01
        .3729715E+00        .1326909E+00        .9839364E-01
        .3916200E+00        .1426353E+00        .1081409E+00
        .4112010E+00        .1535848E+00        .1188059E+00
        .4317610E+00        .1656627E+00        .1304629E+00
        .4533491E+00        .1790068E+00        .1431884E+00
        .4760165E+00        .1937690E+00        .1570608E+00
        .4998173E+00        .2101159E+00        .1721587E+00
        .5248081E+00        .2282265E+00        .1885593E+00
        .5510485E+00        .2482895E+00        .2063358E+00
        .5786009E+00        .2704971E+00        .2255548E+00
        .6075309E+00        .2950371E+00        .2462721E+00
        .6379075E+00        .3220792E+00        .2685282E+00
        .6698028E+00        .3517575E+00        .2923428E+00
        .7032929E+00        .3841471E+00        .3177080E+00
        .7384575E+00        .4192353E+00        .3445811E+00
        .7753804E+00        .4568883E+00        .3728758E+00
        .8141493E+00        .4968170E+00        .4024541E+00
        .8548568E+00        .5385452E+00        .4331167E+00
        .8975996E+00        .5813888E+00        .4645953E+00
        .9424795E+00        .6244522E+00        .4965466E+00
        .9896034E+00        .6666502E+00        .5285484E+00
        .1039084E+01        .7067603E+00        .5601016E+00
        .1091038E+01        .7435022E+00        .5906382E+00
        .1145590E+01        .7756370E+00        .6195367E+00
        .1202869E+01        .8020678E+00        .6461460E+00
        .1263012E+01        .8219252E+00        .6698181E+00
        .1326163E+01        .8346185E+00        .6899449E+00
        .1392471E+01        .8398482E+00        .7059970E+00
        .1462094E+01        .8375829E+00        .7175585E+00
        .1535199E+01        .8280164E+00        .7243513E+00
        .1611959E+01        .8115211E+00        .7262452E+00
        .1692557E+01        .7886085E+00        .7232534E+00
        .1777185E+01        .7599021E+00        .7155139E+00
        .1866044E+01        .7261161E+00        .7032652E+00
        .1959346E+01        .6880359E+00        .6868195E+00
        .2057313E+01        .6464961E+00        .6665415E+00
        .2160179E+01        .6023548E+00        .6428323E+00
        .2268187E+01        .5564680E+00        .6161186E+00
        .2381597E+01        .5096668E+00        .5868452E+00
        .2500676E+01        .4627365E+00        .5554685E+00
        .2625710E+01        .4164008E+00        .5224491E+00
        .2756995E+01        .3713081E+00        .4882448E+00
        .2894845E+01        .3280221E+00        .4533041E+00
        .3039587E+01        .2870147E+00        .4180594E+00
        .3191566E+01        .2486623E+00        .3829208E+00
        .3351145E+01        .2132451E+00        .3482716E+00
        .3518702E+01        .1809493E+00        .3144633E+00
        .3694637E+01        .1518709E+00        .2818120E+00
        .3879368E+01        .1260232E+00        .2505944E+00
        .4073337E+01        .1033450E+00        .2210453E+00
        .4277003E+01        .8371131E-01        .1933555E+00
        .4490853E+01        .6694431E-01        .1676701E+00
        .4715396E+01        .5282568E-01        .1440887E+00
        .4951165E+01        .4110859E-01        .1226658E+00
        .5198723E+01        .3152954E-01        .1034124E+00
        .5458659E+01        .2381929E-01        .8629919E-01
        .5731592E+01        .1771256E-01        .7126051E-01
        .6018171E+01        .1295618E-01        .5819886E-01
        .6319079E+01        .9315423E-02        .4699064E-01
        .6635033E+01        .6578552E-02        .3749209E-01
        .6966784E+01        .4559488E-02        .2954546E-01
        .7315123E+01        .3098837E-02        .2298511E-01
        .7680879E+01        .2063472E-02        .1764327E-01
        .8064923E+01        .1344981E-02        .1335513E-01
        .8468168E+01        .8572968E-03        .9963275E-02
        .8891576E+01        .5338264E-03        .7321067E-02
        .9336155E+01        .3243805E-03        .5295217E-02
        .9802962E+01        .1921325E-03        .3767317E-02
        .1029311E+02        .1107938E-03        .2634532E-02
        .1080776E+02        .6212199E-04        .1809516E-02
        .1134815E+02        .3382248E-04        .1219698E-02
        .1191556E+02        .1785565E-04        .8061109E-03
        .1251134E+02        .9126409E-05        .5219004E-03
        .1313690E+02        .4509026E-05        .3306770E-03
        .1379375E+02        .2149751E-05        .2048287E-03
        .1448343E+02        .9872728E-06        .1238991E-03
        .1520761E+02        .4359179E-06        .7310169E-04
        .1596798E+02        .1846797E-06        .4201755E-04
        .1676638E+02        .7491288E-07        .2349681E-04
        .1760470E+02        .2902990E-07        .1276613E-04
        .1848494E+02        .1072100E-07        .6728922E-05
        .1940918E+02        .3764300E-08        .3435554E-05
        .2037964E+02        .1251656E-08        .1696305E-05
        .2139862E+02        .3917590E-09        .8085741E-06
        .2246855E+02        .0000000E+00        .3714050E-06
        .2359198E+02        .0000000E+00        .1640809E-06
        .2477158E+02        .0000000E+00        .6955330E-07
        .2601015E+02        .0000000E+00        .2820959E-07
        .2731066E+02        .0000000E+00        .0000000E+00
        .2867619E+02        .0000000E+00        .0000000E+00
        .3011000E+02        .0000000E+00        .0000000E+00
        .3161550E+02        .0000000E+00        .0000000E+00
        .3319627E+02        .0000000E+00        .0000000E+00
        .3485608E+02        .0000000E+00        .0000000E+00
        .3659889E+02        .0000000E+00        .0000000E+00
        .3842883E+02        .0000000E+00        .0000000E+00
        .4035027E+02        .0000000E+00        .0000000E+00
        .4236778E+02        .0000000E+00        .0000000E+00
        .4448617E+02        .0000000E+00        .0000000E+00
        .4671047E+02        .0000000E+00        .0000000E+00
        .4904599E+02        .0000000E+00        .0000000E+00
        .5149829E+02        .0000000E+00        .0000000E+00
        .5407320E+02        .0000000E+00        .0000000E+00
        .5677686E+02        .0000000E+00        .0000000E+00
        .5961570E+02        .0000000E+00        .0000000E+00
        .6259648E+02        .0000000E+00        .0000000E+00
        .6572630E+02        .0000000E+00        .0000000E+00
        .6901262E+02        .0000000E+00        .0000000E+00
        .7246324E+02        .0000000E+00        .0000000E+00
        .7608640E+02        .0000000E+00        .0000000E+00
        .7989072E+02        .0000000E+00        .0000000E+00
        .8388525E+02        .0000000E+00        .0000000E+00
        .8807951E+02        .0000000E+00        .0000000E+00
        .9248348E+02        .0000000E+00        .0000000E+00
        .9710765E+02        .0000000E+00        .0000000E+00
        .1019630E+03        .0000000E+00        .0000000E+00
        .1070612E+03        .0000000E+00        .0000000E+00
        .1124142E+03        .0000000E+00        .0000000E+00
        .1180349E+03        .0000000E+00        .0000000E+00
        .1239367E+03        .0000000E+00        .0000000E+00
        .1301335E+03        .0000000E+00        .0000000E+00
        .1366402E+03        .0000000E+00        .0000000E+00
&END
