&ATOM  
 Z  =   34
 ZV =    6
 XC = 1100        .666667
 TYPE = NORMCONSERVING BHS
&END   
&INFO  
    ============================================================
    |    SELENIUM SGS PSEUDOPOTENTIAL                          |
    ============================================================
&END  
&POTENTIAL
    BHS
              2.3519    2.9400   -1.3519    1.1700
              2.6500       -6762.4318857        1122.6636557
              3.1800        4588.0894226        4039.1762408
              4.2900        2195.7645663         893.1062762
              2.0500       -7270.2407516         729.5566025
              2.3500        5931.2412481        2101.7361562
              3.0600        1355.0344752         321.0729178
              2.3600     -288815.0069448       24119.3797690
              2.6400     -793613.9022865      179592.8830487
              2.8200     1082443.5763284       72006.0587238
&END 
&WAVEFUNCTION
       269      1.050000068
        .2941176E-03        .5531911E-04        .3190750E-07
        .3088235E-03        .5808506E-04        .3517802E-07
        .3242647E-03        .6098931E-04        .3878376E-07
        .3404779E-03        .6403877E-04        .4275909E-07
        .3575018E-03        .6724071E-04        .4714191E-07
        .3753768E-03        .7060274E-04        .5197396E-07
        .3941457E-03        .7413288E-04        .5730130E-07
        .4138529E-03        .7783952E-04        .6317469E-07
        .4345456E-03        .8173150E-04        .6965010E-07
        .4562728E-03        .8581807E-04        .7678925E-07
        .4790864E-03        .9010897E-04        .8466016E-07
        .5030407E-03        .9461442E-04        .9333784E-07
        .5281927E-03        .9934515E-04        .1029050E-06
        .5546023E-03        .1043124E-03        .1134528E-06
        .5823324E-03        .1095280E-03        .1250817E-06
        .6114490E-03        .1150044E-03        .1379026E-06
        .6420215E-03        .1207547E-03        .1520376E-06
        .6741225E-03        .1267924E-03        .1676215E-06
        .7078286E-03        .1331320E-03        .1848027E-06
        .7432200E-03        .1397886E-03        .2037450E-06
        .7803810E-03        .1467781E-03        .2246289E-06
        .8194000E-03        .1541170E-03        .2476534E-06
        .8603699E-03        .1618229E-03        .2730379E-06
        .9033884E-03        .1699141E-03        .3010244E-06
        .9485578E-03        .1784098E-03        .3318794E-06
        .9959856E-03        .1873303E-03        .3658971E-06
        .1045785E-02        .1966969E-03        .4034016E-06
        .1098074E-02        .2065318E-03        .4447504E-06
        .1152978E-02        .2168584E-03        .4903374E-06
        .1210626E-02        .2277014E-03        .5405971E-06
        .1271158E-02        .2390866E-03        .5960084E-06
        .1334716E-02        .2510410E-03        .6570994E-06
        .1401451E-02        .2635931E-03        .7244522E-06
        .1471524E-02        .2767729E-03        .7987087E-06
        .1545100E-02        .2906117E-03        .8805765E-06
        .1622355E-02        .3051425E-03        .9708358E-06
        .1703473E-02        .3203998E-03        .1070347E-05
        .1788646E-02        .3364201E-03        .1180058E-05
        .1878078E-02        .3532414E-03        .1301014E-05
        .1971982E-02        .3709038E-03        .1434368E-05
        .2070581E-02        .3894493E-03        .1581391E-05
        .2174110E-02        .4089222E-03        .1743484E-05
        .2282815E-02        .4293689E-03        .1922192E-05
        .2396956E-02        .4508379E-03        .2119218E-05
        .2516804E-02        .4733805E-03        .2336438E-05
        .2642644E-02        .4970504E-03        .2575924E-05
        .2774776E-02        .5219038E-03        .2839958E-05
        .2913515E-02        .5480001E-03        .3131055E-05
        .3059190E-02        .5754014E-03        .3451989E-05
        .3212150E-02        .6041729E-03        .3805820E-05
        .3372757E-02        .6343833E-03        .4195919E-05
        .3541395E-02        .6661045E-03        .4626003E-05
        .3718464E-02        .6994120E-03        .5100172E-05
        .3904387E-02        .7343852E-03        .5622943E-05
        .4099606E-02        .7711076E-03        .6199300E-05
        .4304586E-02        .8096665E-03        .6834734E-05
        .4519816E-02        .8501540E-03        .7535300E-05
        .4745806E-02        .8926665E-03        .8307677E-05
        .4983096E-02        .9373054E-03        .9159223E-05
        .5232251E-02        .9841771E-03        .1009805E-04
        .5493863E-02        .1033393E-02        .1113312E-04
        .5768556E-02        .1085072E-02        .1227428E-04
        .6056984E-02        .1139335E-02        .1353241E-04
        .6359832E-02        .1196314E-02        .1491951E-04
        .6677824E-02        .1256143E-02        .1644879E-04
        .7011715E-02        .1318965E-02        .1813482E-04
        .7362300E-02        .1384932E-02        .1999369E-04
        .7730415E-02        .1454199E-02        .2204309E-04
        .8116935E-02        .1526933E-02        .2430257E-04
        .8522781E-02        .1603308E-02        .2679366E-04
        .8948920E-02        .1683506E-02        .2954010E-04
        .9396366E-02        .1767718E-02        .3256807E-04
        .9866183E-02        .1856148E-02        .3590643E-04
        .1035949E-01        .1949005E-02        .3958700E-04
        .1087747E-01        .2046514E-02        .4364486E-04
        .1142134E-01        .2148907E-02        .4811869E-04
        .1199241E-01        .2256430E-02        .5305115E-04
        .1259203E-01        .2369342E-02        .5848924E-04
        .1322163E-01        .2487913E-02        .6448481E-04
        .1388271E-01        .2612430E-02        .7109501E-04
        .1457684E-01        .2743191E-02        .7838287E-04
        .1530568E-01        .2880513E-02        .8641787E-04
        .1607097E-01        .3024726E-02        .9527662E-04
        .1687451E-01        .3176179E-02        .1050436E-03
        .1771824E-01        .3335240E-02        .1158119E-03
        .1860415E-01        .3502293E-02        .1276843E-03
        .1953436E-01        .3677745E-02        .1407739E-03
        .2051107E-01        .3862022E-02        .1552056E-03
        .2153663E-01        .4055575E-02        .1711171E-03
        .2261346E-01        .4258877E-02        .1886602E-03
        .2374413E-01        .4472426E-02        .2080022E-03
        .2493133E-01        .4696748E-02        .2293277E-03
        .2617790E-01        .4932397E-02        .2528402E-03
        .2748679E-01        .5179956E-02        .2787640E-03
        .2886113E-01        .5440042E-02        .3073468E-03
        .3030419E-01        .5713303E-02        .3388613E-03
        .3181939E-01        .6000426E-02        .3736084E-03
        .3341036E-01        .6302134E-02        .4119202E-03
        .3508088E-01        .6619195E-02        .4541626E-03
        .3683492E-01        .6952416E-02        .5007392E-03
        .3867666E-01        .7302655E-02        .5520952E-03
        .4061050E-01        .7670820E-02        .6087218E-03
        .4264102E-01        .8057870E-02        .6711605E-03
        .4477307E-01        .8464827E-02        .7400088E-03
        .4701172E-01        .8892773E-02        .8159257E-03
        .4936230E-01        .9342858E-02        .8996383E-03
        .5183041E-01        .9816307E-02        .9919486E-03
        .5442193E-01        .1031442E-01        .1093742E-02
        .5714303E-01        .1083860E-01        .1205994E-02
        .6000018E-01        .1139032E-01        .1329783E-02
        .6300018E-01        .1197116E-01        .1466298E-02
        .6615019E-01        .1258284E-01        .1616851E-02
        .6945769E-01        .1322718E-01        .1782890E-02
        .7293058E-01        .1390613E-01        .1966016E-02
        .7657710E-01        .1462181E-01        .2167994E-02
        .8040595E-01        .1537650E-01        .2390773E-02
        .8442625E-01        .1617264E-01        .2636506E-02
        .8864755E-01        .1701291E-01        .2907573E-02
        .9307993E-01        .1790020E-01        .3206599E-02
        .9773392E-01        .1883765E-01        .3536490E-02
        .1026206E+00        .1982868E-01        .3900453E-02
        .1077516E+00        .2087704E-01        .4302035E-02
        .1131392E+00        .2198684E-01        .4745160E-02
        .1187962E+00        .2316257E-01        .5234165E-02
        .1247360E+00        .2440919E-01        .5773850E-02
        .1309728E+00        .2573217E-01        .6369526E-02
        .1375214E+00        .2713756E-01        .7027074E-02
        .1443975E+00        .2863207E-01        .7753005E-02
        .1516173E+00        .3022316E-01        .8554535E-02
        .1591982E+00        .3191915E-01        .9439658E-02
        .1671581E+00        .3372932E-01        .1041724E-01
        .1755160E+00        .3566407E-01        .1149711E-01
        .1842918E+00        .3773509E-01        .1269019E-01
        .1935064E+00        .3995551E-01        .1400858E-01
        .2031817E+00        .4234015E-01        .1546575E-01
        .2133407E+00        .4490573E-01        .1707665E-01
        .2240078E+00        .4767120E-01        .1885790E-01
        .2352081E+00        .5065804E-01        .2082800E-01
        .2469685E+00        .5389064E-01        .2300753E-01
        .2593169E+00        .5739676E-01        .2541938E-01
        .2722828E+00        .6120799E-01        .2808908E-01
        .2858969E+00        .6536040E-01        .3104503E-01
        .3001917E+00        .6989510E-01        .3431890E-01
        .3152013E+00        .7485908E-01        .3794594E-01
        .3309614E+00        .8030598E-01        .4196545E-01
        .3475094E+00        .8629708E-01        .4642117E-01
        .3648849E+00        .9290233E-01        .5136178E-01
        .3831291E+00        .1002015E+00        .5684143E-01
        .4022855E+00        .1082855E+00        .6292021E-01
        .4223998E+00        .1172574E+00        .6966476E-01
        .4435198E+00        .1272340E+00        .7714875E-01
        .4656957E+00        .1383471E+00        .8545341E-01
        .4889805E+00        .1507444E+00        .9466787E-01
        .5134295E+00        .1645900E+00        .1048895E+00
        .5391009E+00        .1800649E+00        .1162240E+00
        .5660560E+00        .1973658E+00        .1287847E+00
        .5943587E+00        .2167029E+00        .1426924E+00
        .6240766E+00        .2382951E+00        .1580734E+00
        .6552804E+00        .2623628E+00        .1750571E+00
        .6880444E+00        .2891163E+00        .1937724E+00
        .7224466E+00        .3187391E+00        .2143422E+00
        .7585689E+00        .3513652E+00        .2368762E+00
        .7964973E+00        .3870488E+00        .2614608E+00
        .8363222E+00        .4257279E+00        .2881460E+00
        .8781382E+00        .4671812E+00        .3169303E+00
        .9220451E+00        .5109844E+00        .3477412E+00
        .9681473E+00        .5564711E+00        .3804150E+00
        .1016555E+01        .6027093E+00        .4146761E+00
        .1067382E+01        .6485046E+00        .4501184E+00
        .1120751E+01        .6924422E+00        .4861946E+00
        .1176789E+01        .7329725E+00        .5222160E+00
        .1235628E+01        .7685362E+00        .5573697E+00
        .1297410E+01        .7977117E+00        .5907553E+00
        .1362280E+01        .8193551E+00        .6214399E+00
        .1430394E+01        .8327028E+00        .6485279E+00
        .1501914E+01        .8374121E+00        .6712339E+00
        .1577009E+01        .8335371E+00        .6889445E+00
        .1655860E+01        .8214560E+00        .7012578E+00
        .1738653E+01        .8017796E+00        .7079913E+00
        .1825585E+01        .7752683E+00        .7091610E+00
        .1916864E+01        .7427752E+00        .7049408E+00
        .2012707E+01        .7052116E+00        .6956160E+00
        .2113343E+01        .6635276E+00        .6815446E+00
        .2219010E+01        .6186935E+00        .6631316E+00
        .2329960E+01        .5716800E+00        .6408161E+00
        .2446458E+01        .5234301E+00        .6150651E+00
        .2568781E+01        .4748386E+00        .5863692E+00
        .2697220E+01        .4267297E+00        .5552356E+00
        .2832080E+01        .3798412E+00        .5221799E+00
        .2973684E+01        .3348117E+00        .4877161E+00
        .3122368E+01        .2921731E+00        .4523477E+00
        .3278487E+01        .2523464E+00        .4165597E+00
        .3442411E+01        .2156415E+00        .3808118E+00
        .3614531E+01        .1822601E+00        .3455315E+00
        .3795258E+01        .1523021E+00        .3111095E+00
        .3985020E+01        .1257742E+00        .2778947E+00
        .4184271E+01        .1026008E+00        .2461903E+00
        .4393485E+01        .8263631E-01        .2162509E+00
        .4613159E+01        .6567894E-01        .1882801E+00
        .4843816E+01        .5148452E-01        .1624297E+00
        .5086007E+01        .3978041E-01        .1387994E+00
        .5340307E+01        .3027868E-01        .1174386E+00
        .5607322E+01        .2268816E-01        .9834823E-01
        .5887688E+01        .1672484E-01        .8148553E-01
        .6182072E+01        .1212040E-01        .6676836E-01
        .6491175E+01        .8628596E-02        .5408145E-01
        .6815734E+01        .6029666E-02        .4328295E-01
        .7156520E+01        .4132577E-02        .3421147E-01
        .7514346E+01        .2775559E-02        .2669313E-01
        .7890063E+01        .1825115E-02        .2054834E-01
        .8284566E+01        .1173893E-02        .1559803E-01
        .8698793E+01        .7377883E-03        .1166895E-01
        .9133733E+01        .4526299E-03        .8598114E-02
        .9590419E+01        .2707576E-03        .6236049E-02
        .1006994E+02        .1577373E-03        .4448971E-02
        .1057344E+02        .8938518E-04        .3119927E-02
        .1110211E+02        .4920441E-04        .2148996E-02
        .1165721E+02        .2627521E-04        .1452727E-02
        .1224007E+02        .1359103E-04        .9629817E-03
        .1285207E+02        .6798997E-05        .6253775E-03
        .1349468E+02        .3284022E-05        .3974995E-03
        .1416941E+02        .1528887E-05        .2470327E-03
        .1487788E+02        .6847746E-06        .1499416E-03
        .1562177E+02        .2944895E-06        .8878449E-04
        .1640286E+02        .1213502E-06        .5122330E-04
        .1722300E+02        .4780841E-07        .2875743E-04
        .1808415E+02        .1796624E-07        .1568871E-04
        .1898836E+02        .6424070E-08        .8305173E-05
        .1993778E+02        .2180194E-08        .4259601E-05
        .2093467E+02        .6993242E-09        .2113224E-05
        .2198140E+02        .2105659E-09        .1012362E-05
        .2308047E+02        .0000000E+00        .4674740E-06
        .2423449E+02        .0000000E+00        .2076707E-06
        .2544621E+02        .0000000E+00        .8857759E-07
        .2671852E+02        .0000000E+00        .3618160E-07
        .2805445E+02        .0000000E+00        .1410929E-07
        .2945717E+02        .0000000E+00        .0000000E+00
        .3093003E+02        .0000000E+00        .0000000E+00
        .3247653E+02        .0000000E+00        .0000000E+00
        .3410035E+02        .0000000E+00        .0000000E+00
        .3580537E+02        .0000000E+00        .0000000E+00
        .3759563E+02        .0000000E+00        .0000000E+00
        .3947541E+02        .0000000E+00        .0000000E+00
        .4144918E+02        .0000000E+00        .0000000E+00
        .4352164E+02        .0000000E+00        .0000000E+00
        .4569772E+02        .0000000E+00        .0000000E+00
        .4798260E+02        .0000000E+00        .0000000E+00
        .5038173E+02        .0000000E+00        .0000000E+00
        .5290081E+02        .0000000E+00        .0000000E+00
        .5554585E+02        .0000000E+00        .0000000E+00
        .5832314E+02        .0000000E+00        .0000000E+00
        .6123930E+02        .0000000E+00        .0000000E+00
        .6430126E+02        .0000000E+00        .0000000E+00
        .6751632E+02        .0000000E+00        .0000000E+00
        .7089213E+02        .0000000E+00        .0000000E+00
        .7443673E+02        .0000000E+00        .0000000E+00
        .7815857E+02        .0000000E+00        .0000000E+00
        .8206649E+02        .0000000E+00        .0000000E+00
        .8616981E+02        .0000000E+00        .0000000E+00
        .9047830E+02        .0000000E+00        .0000000E+00
        .9500221E+02        .0000000E+00        .0000000E+00
        .9975231E+02        .0000000E+00        .0000000E+00
        .1047399E+03        .0000000E+00        .0000000E+00
        .1099769E+03        .0000000E+00        .0000000E+00
        .1154758E+03        .0000000E+00        .0000000E+00
        .1212495E+03        .0000000E+00        .0000000E+00
        .1273120E+03        .0000000E+00        .0000000E+00
        .1336776E+03        .0000000E+00        .0000000E+00
        .1403615E+03        .0000000E+00        .0000000E+00
&END
