&ATOM  
 Z  =   13
 ZV =    3
 XC = 1100        .666667
 TYPE = NORMCONSERVING BHS
&END   
&INFO  
    ============================================================
    |    ALUMINIUM SGS PSEUDOPOTENTIAL                         |
    ============================================================
&END  
&POTENTIAL
    BHS
              1.7886    1.7700    -.7886     .7000
              1.8500      -21410.7864614        1834.5681211
              2.1700     -149215.8731255       22544.1144250
              2.3400      170634.0587066       11491.0272007
               .9300       -1254.7127479          63.1317339
              1.0900         740.9681658         231.9706633
              1.3700         517.8900369          50.7265810
              1.3700       60306.6243183       -3575.1067599
              1.5800      106239.3659160      -26649.1315894
              1.7500     -166543.1893187      -10755.0023161
&END 
&WAVEFUNCTION
       249      1.049999948
        .7692308E-03        .1243069E-03        .1363812E-06
        .8076923E-03        .1305222E-03        .1503603E-06
        .8480768E-03        .1370484E-03        .1657722E-06
        .8904806E-03        .1439008E-03        .1827639E-06
        .9350046E-03        .1510958E-03        .2014972E-06
        .9817548E-03        .1586506E-03        .2221507E-06
        .1030842E-02        .1665831E-03        .2449211E-06
        .1082385E-02        .1749123E-03        .2700256E-06
        .1136504E-02        .1836579E-03        .2977033E-06
        .1193329E-02        .1928408E-03        .3282179E-06
        .1252995E-02        .2024828E-03        .3618602E-06
        .1315645E-02        .2126070E-03        .3989510E-06
        .1381427E-02        .2232374E-03        .4398435E-06
        .1450498E-02        .2343993E-03        .4849275E-06
        .1523023E-02        .2461193E-03        .5346326E-06
        .1599174E-02        .2584253E-03        .5894325E-06
        .1679133E-02        .2713466E-03        .6498494E-06
        .1763090E-02        .2849140E-03        .7164591E-06
        .1851244E-02        .2991597E-03        .7898962E-06
        .1943806E-02        .3141178E-03        .8708606E-06
        .2040996E-02        .3298238E-03        .9601239E-06
        .2143046E-02        .3463151E-03        .1058537E-05
        .2250198E-02        .3636310E-03        .1167037E-05
        .2362708E-02        .3818127E-03        .1286658E-05
        .2480843E-02        .4009036E-03        .1418541E-05
        .2604885E-02        .4209490E-03        .1563941E-05
        .2735130E-02        .4419967E-03        .1724245E-05
        .2871886E-02        .4640969E-03        .1900981E-05
        .3015480E-02        .4873021E-03        .2095831E-05
        .3166254E-02        .5116676E-03        .2310654E-05
        .3324566E-02        .5372515E-03        .2547496E-05
        .3490795E-02        .5641147E-03        .2808615E-05
        .3665334E-02        .5923211E-03        .3096498E-05
        .3848601E-02        .6219380E-03        .3413888E-05
        .4041031E-02        .6530359E-03        .3763812E-05
        .4243082E-02        .6856887E-03        .4149603E-05
        .4455236E-02        .7199744E-03        .4574937E-05
        .4677997E-02        .7559746E-03        .5043867E-05
        .4911897E-02        .7937751E-03        .5560863E-05
        .5157492E-02        .8334658E-03        .6130851E-05
        .5415366E-02        .8751414E-03        .6759262E-05
        .5686134E-02        .9189012E-03        .7452085E-05
        .5970440E-02        .9648493E-03        .8215922E-05
        .6268962E-02        .1013095E-02        .9058052E-05
        .6582410E-02        .1063754E-02        .9986500E-05
        .6911530E-02        .1116947E-02        .1101011E-04
        .7257106E-02        .1172800E-02        .1213864E-04
        .7619961E-02        .1231446E-02        .1338285E-04
        .8000959E-02        .1293026E-02        .1475459E-04
        .8401007E-02        .1357686E-02        .1626692E-04
        .8821057E-02        .1425580E-02        .1793427E-04
        .9262109E-02        .1496871E-02        .1977252E-04
        .9725214E-02        .1571728E-02        .2179919E-04
        .1021147E-01        .1650330E-02        .2403359E-04
        .1072205E-01        .1732865E-02        .2649700E-04
        .1125815E-01        .1819529E-02        .2921292E-04
        .1182106E-01        .1910530E-02        .3220720E-04
        .1241211E-01        .2006084E-02        .3550839E-04
        .1303271E-01        .2106421E-02        .3914795E-04
        .1368435E-01        .2211780E-02        .4316055E-04
        .1436857E-01        .2322413E-02        .4758442E-04
        .1508699E-01        .2438584E-02        .5246172E-04
        .1584134E-01        .2560572E-02        .5783892E-04
        .1663341E-01        .2688668E-02        .6376725E-04
        .1746508E-01        .2823180E-02        .7030321E-04
        .1833833E-01        .2964430E-02        .7750906E-04
        .1925525E-01        .3112757E-02        .8545346E-04
        .2021801E-01        .3268516E-02        .9421210E-04
        .2122891E-01        .3432083E-02        .1038684E-03
        .2229035E-01        .3603851E-02        .1145144E-03
        .2340487E-01        .3784232E-02        .1262515E-03
        .2457511E-01        .3973663E-02        .1391916E-03
        .2580386E-01        .4172600E-02        .1534578E-03
        .2709406E-01        .4381523E-02        .1691861E-03
        .2844876E-01        .4600939E-02        .1865263E-03
        .2987119E-01        .4831379E-02        .2056436E-03
        .3136475E-01        .5073404E-02        .2267201E-03
        .3293299E-01        .5327601E-02        .2499564E-03
        .3457964E-01        .5594591E-02        .2755740E-03
        .3630862E-01        .5875027E-02        .3038167E-03
        .3812405E-01        .6169597E-02        .3349535E-03
        .4003025E-01        .6479023E-02        .3692808E-03
        .4203176E-01        .6804071E-02        .4071256E-03
        .4413334E-01        .7145543E-02        .4488480E-03
        .4634001E-01        .7504290E-02        .4948453E-03
        .4865701E-01        .7881205E-02        .5455552E-03
        .5108985E-01        .8277235E-02        .6014603E-03
        .5364434E-01        .8693376E-02        .6630925E-03
        .5632656E-01        .9130685E-02        .7310384E-03
        .5914288E-01        .9590275E-02        .8059441E-03
        .6210003E-01        .1007333E-01        .8885220E-03
        .6520502E-01        .1058109E-01        .9795575E-03
        .6846527E-01        .1111489E-01        .1079916E-02
        .7188853E-01        .1167612E-01        .1190551E-02
        .7548296E-01        .1226628E-01        .1312514E-02
        .7925710E-01        .1288696E-01        .1446963E-02
        .8321995E-01        .1353983E-01        .1595176E-02
        .8738094E-01        .1422668E-01        .1758558E-02
        .9174999E-01        .1494944E-01        .1938661E-02
        .9633748E-01        .1571014E-01        .2137191E-02
        .1011544E+00        .1651096E-01        .2356032E-02
        .1062121E+00        .1735425E-01        .2597256E-02
        .1115227E+00        .1824249E-01        .2863147E-02
        .1170988E+00        .1917840E-01        .3156221E-02
        .1229537E+00        .2016486E-01        .3479248E-02
        .1291014E+00        .2120499E-01        .3835282E-02
        .1355565E+00        .2230217E-01        .4227680E-02
        .1423343E+00        .2346006E-01        .4660144E-02
        .1494510E+00        .2468260E-01        .5136747E-02
        .1569235E+00        .2597410E-01        .5661970E-02
        .1647697E+00        .2733927E-01        .6240749E-02
        .1730082E+00        .2878321E-01        .6878510E-02
        .1816586E+00        .3031155E-01        .7581226E-02
        .1907415E+00        .3193043E-01        .8355464E-02
        .2002786E+00        .3364663E-01        .9208442E-02
        .2102925E+00        .3546762E-01        .1014810E-01
        .2208071E+00        .3740165E-01        .1118315E-01
        .2318474E+00        .3945789E-01        .1232318E-01
        .2434398E+00        .4164649E-01        .1357869E-01
        .2556118E+00        .4397878E-01        .1496123E-01
        .2683924E+00        .4646740E-01        .1648345E-01
        .2818120E+00        .4912649E-01        .1815921E-01
        .2959026E+00        .5197190E-01        .2000370E-01
        .3106977E+00        .5502145E-01        .2203355E-01
        .3262325E+00        .5829517E-01        .2426693E-01
        .3425442E+00        .6181566E-01        .2672370E-01
        .3596713E+00        .6560842E-01        .2942551E-01
        .3776549E+00        .6970229E-01        .3239596E-01
        .3965376E+00        .7412989E-01        .3566073E-01
        .4163645E+00        .7892816E-01        .3924769E-01
        .4371827E+00        .8413892E-01        .4318706E-01
        .4590418E+00        .8980954E-01        .4751151E-01
        .4819939E+00        .9599362E-01        .5225625E-01
        .5060935E+00        .1027517E+00        .5745915E-01
        .5313982E+00        .1101521E+00        .6316074E-01
        .5579681E+00        .1182717E+00        .6940421E-01
        .5858665E+00        .1271963E+00        .7623538E-01
        .6151597E+00        .1370219E+00        .8370252E-01
        .6459177E+00        .1478544E+00        .9185608E-01
        .6782136E+00        .1598097E+00        .1007483E+00
        .7121242E+00        .1730131E+00        .1104328E+00
        .7477304E+00        .1875979E+00        .1209634E+00
        .7851169E+00        .2037022E+00        .1323936E+00
        .8243727E+00        .2214645E+00        .1447748E+00
        .8655913E+00        .2410168E+00        .1581550E+00
        .9088708E+00        .2624747E+00        .1725763E+00
        .9543143E+00        .2859245E+00        .1880727E+00
        .1002030E+01        .3114060E+00        .2046666E+00
        .1052131E+01        .3388923E+00        .2223656E+00
        .1104738E+01        .3682665E+00        .2411579E+00
        .1159975E+01        .3992984E+00        .2610078E+00
        .1217973E+01        .4316240E+00        .2818506E+00
        .1278872E+01        .4647331E+00        .3035873E+00
        .1342816E+01        .4979708E+00        .3260793E+00
        .1409956E+01        .5305570E+00        .3491438E+00
        .1480454E+01        .5616282E+00        .3725504E+00
        .1554477E+01        .5902961E+00        .3960198E+00
        .1632200E+01        .6157171E+00        .4192254E+00
        .1713810E+01        .6371588E+00        .4417987E+00
        .1799501E+01        .6540486E+00        .4633401E+00
        .1889476E+01        .6659953E+00        .4834335E+00
        .1983949E+01        .6727833E+00        .5016664E+00
        .2083147E+01        .6743460E+00        .5176518E+00
        .2187304E+01        .6707339E+00        .5310500E+00
        .2296669E+01        .6620886E+00        .5415868E+00
        .2411503E+01        .6486293E+00        .5490643E+00
        .2532078E+01        .6306486E+00        .5533631E+00
        .2658681E+01        .6085119E+00        .5544359E+00
        .2791615E+01        .5826534E+00        .5522957E+00
        .2931196E+01        .5535673E+00        .5470035E+00
        .3077756E+01        .5217946E+00        .5386570E+00
        .3231643E+01        .4879079E+00        .5273862E+00
        .3393225E+01        .4524955E+00        .5133513E+00
        .3562886E+01        .4161482E+00        .4967442E+00
        .3741030E+01        .3794433E+00        .4777890E+00
        .3928082E+01        .3429318E+00        .4567401E+00
        .4124486E+01        .3071262E+00        .4338796E+00
        .4330710E+01        .2724892E+00        .4095117E+00
        .4547245E+01        .2394252E+00        .3839571E+00
        .4774607E+01        .2082725E+00        .3575479E+00
        .5013337E+01        .1792992E+00        .3306198E+00
        .5264004E+01        .1527006E+00        .3035061E+00
        .5527204E+01        .1285998E+00        .2765309E+00
        .5803564E+01        .1070499E+00        .2500028E+00
        .6093742E+01        .8803946E-01        .2242080E+00
        .6398428E+01        .7149908E-01        .1994051E+00
        .6718350E+01        .5731006E-01        .1758198E+00
        .7054267E+01        .4531398E-01        .1536409E+00
        .7406980E+01        .3532286E-01        .1330174E+00
        .7777328E+01        .2712945E-01        .1140570E+00
        .8166194E+01        .2051699E-01        .9682556E-01
        .8574504E+01        .1526819E-01        .8134858E-01
        .9003229E+01        .1117280E-01        .6761342E-01
        .9453389E+01        .8033834E-02        .5557296E-01
        .9926059E+01        .5672056E-02        .4515023E-01
        .1042236E+02        .3928889E-02        .3624377E-01
        .1094348E+02        .2667773E-02        .2873339E-01
        .1149065E+02        .1774180E-02        .2248614E-01
        .1206518E+02        .1154562E-02        .1736211E-01
        .1266844E+02        .7344919E-03        .1321976E-01
        .1330186E+02        .4563149E-03        .9920634E-02
        .1396696E+02        .2765559E-03        .7333284E-02
        .1466530E+02        .1633235E-03        .5336218E-02
        .1539857E+02        .9387286E-04        .3819978E-02
        .1616850E+02        .5244513E-04        .2688304E-02
        .1697692E+02        .2844195E-04        .1858508E-02
        .1782577E+02        .1495145E-04        .1261177E-02
        .1871705E+02        .7607123E-05        .8393596E-03
        .1965290E+02        .3740031E-05        .5473827E-03
        .2063555E+02        .1773823E-05        .3494547E-03
        .2166733E+02        .8101106E-06        .2181759E-03
        .2275069E+02        .3555910E-06        .1330677E-03
        .2388822E+02        .1497113E-06        .7919389E-04
        .2508263E+02        .6032888E-07        .4593409E-04
        .2633676E+02        .2321595E-07        .2593252E-04
        .2765360E+02        .8511007E-08        .1423087E-04
        .2903628E+02        .2965260E-08        .7580056E-05
        .3048809E+02        .9779074E-09        .3912996E-05
        .3201250E+02        .3033834E-09        .1954552E-05
        .3361312E+02        .0000000E+00        .9430863E-06
        .3529377E+02        .0000000E+00        .4387812E-06
        .3705846E+02        .0000000E+00        .1964766E-06
        .3891138E+02        .0000000E+00        .8450512E-07
        .4085695E+02        .0000000E+00        .3482325E-07
        .4289979E+02        .0000000E+00        .1370696E-07
        .4504478E+02        .0000000E+00        .0000000E+00
        .4729702E+02        .0000000E+00        .0000000E+00
        .4966187E+02        .0000000E+00        .0000000E+00
        .5214496E+02        .0000000E+00        .0000000E+00
        .5475220E+02        .0000000E+00        .0000000E+00
        .5748981E+02        .0000000E+00        .0000000E+00
        .6036430E+02        .0000000E+00        .0000000E+00
        .6338251E+02        .0000000E+00        .0000000E+00
        .6655163E+02        .0000000E+00        .0000000E+00
        .6987921E+02        .0000000E+00        .0000000E+00
        .7337317E+02        .0000000E+00        .0000000E+00
        .7704183E+02        .0000000E+00        .0000000E+00
        .8089391E+02        .0000000E+00        .0000000E+00
        .8493860E+02        .0000000E+00        .0000000E+00
        .8918553E+02        .0000000E+00        .0000000E+00
        .9364480E+02        .0000000E+00        .0000000E+00
        .9832704E+02        .0000000E+00        .0000000E+00
        .1032434E+03        .0000000E+00        .0000000E+00
        .1084056E+03        .0000000E+00        .0000000E+00
        .1138258E+03        .0000000E+00        .0000000E+00
        .1195171E+03        .0000000E+00        .0000000E+00
        .1254930E+03        .0000000E+00        .0000000E+00
        .1317676E+03        .0000000E+00        .0000000E+00
        .1383560E+03        .0000000E+00        .0000000E+00
&END
