&ATOM  
 Z  =    5
 ZV =    3
 XC = 1100        .666667
 TYPE = NORMCONSERVING BHS
&END   
&INFO  
    ============================================================
    |    BORON SGS PSEUDOPOTENTIAL                             |
    ============================================================
&END  
&POTENTIAL
    BHS
              1.6480    6.1700    -.6480    2.4500
              3.8500     -330642.0065937       35931.2246376
              4.2000        -259.6675853      165191.6085979
              4.6000      330912.5156491       46989.8374355
              3.7600          -2.4553060           6.3580157
             13.2500        1466.0213572       -2117.2456450
             16.3700       -1460.1453649       -2523.0374573
              2.3400       92205.5550086       -7676.5251037
              2.6300      161521.2213189      -55399.6944044
              2.8600     -253719.5207469      -22028.5442855
&END 
&WAVEFUNCTION
       230      1.050000000
        .2000000E-02        .7993172E-03        .7240642E-05
        .2100000E-02        .8392830E-03        .7982807E-05
        .2205000E-02        .8812472E-03        .8801044E-05
        .2315250E-02        .9253095E-03        .9703150E-05
        .2431012E-02        .9715751E-03        .1069772E-04
        .2552562E-02        .1020154E-02        .1179424E-04
        .2680190E-02        .1071162E-02        .1300315E-04
        .2814200E-02        .1124720E-02        .1433596E-04
        .2954910E-02        .1180957E-02        .1580539E-04
        .3102655E-02        .1240005E-02        .1742544E-04
        .3257788E-02        .1302006E-02        .1921153E-04
        .3420677E-02        .1367107E-02        .2118069E-04
        .3591711E-02        .1435463E-02        .2335169E-04
        .3771296E-02        .1507237E-02        .2574521E-04
        .3959861E-02        .1582601E-02        .2838406E-04
        .4157853E-02        .1661732E-02        .3129338E-04
        .4365746E-02        .1744821E-02        .3450089E-04
        .4584033E-02        .1832064E-02        .3803716E-04
        .4813234E-02        .1923670E-02        .4193588E-04
        .5053896E-02        .2019857E-02        .4623420E-04
        .5306590E-02        .2120853E-02        .5097307E-04
        .5571920E-02        .2226901E-02        .5619765E-04
        .5850515E-02        .2338251E-02        .6195770E-04
        .6143041E-02        .2455170E-02        .6830812E-04
        .6450193E-02        .2577935E-02        .7530940E-04
        .6772702E-02        .2706840E-02        .8302825E-04
        .7111337E-02        .2842192E-02        .9153820E-04
        .7466903E-02        .2984313E-02        .1009203E-03
        .7840248E-02        .3133542E-02        .1112640E-03
        .8232260E-02        .3290234E-02        .1226677E-03
        .8643873E-02        .3454763E-02        .1352402E-03
        .9076066E-02        .3627522E-02        .1491011E-03
        .9529869E-02        .3808922E-02        .1643825E-03
        .1000636E-01        .3999396E-02        .1812299E-03
        .1050668E-01        .4199398E-02        .1998038E-03
        .1103201E-01        .4409405E-02        .2202810E-03
        .1158361E-01        .4629919E-02        .2428566E-03
        .1216279E-01        .4861465E-02        .2677455E-03
        .1277093E-01        .5104596E-02        .2951846E-03
        .1340948E-01        .5359893E-02        .3254353E-03
        .1407995E-01        .5627966E-02        .3587853E-03
        .1478395E-01        .5909455E-02        .3955522E-03
        .1552315E-01        .6205032E-02        .4360859E-03
        .1629930E-01        .6515405E-02        .4807720E-03
        .1711427E-01        .6841316E-02        .5300356E-03
        .1796998E-01        .7183545E-02        .5843454E-03
        .1886848E-01        .7542911E-02        .6442180E-03
        .1981190E-01        .7920275E-02        .7102224E-03
        .2080249E-01        .8316541E-02        .7829864E-03
        .2184262E-01        .8732661E-02        .8632012E-03
        .2293475E-01        .9169633E-02        .9516292E-03
        .2408148E-01        .9628507E-02        .1049110E-02
        .2528556E-01        .1011039E-01        .1156570E-02
        .2654983E-01        .1061643E-01        .1275028E-02
        .2787732E-01        .1114786E-01        .1405608E-02
        .2927119E-01        .1170596E-01        .1549549E-02
        .3073475E-01        .1229208E-01        .1708215E-02
        .3227148E-01        .1290763E-01        .1883109E-02
        .3388505E-01        .1355411E-01        .2075886E-02
        .3557931E-01        .1423308E-01        .2288370E-02
        .3735827E-01        .1494620E-01        .2522570E-02
        .3922618E-01        .1569521E-01        .2780697E-02
        .4118749E-01        .1648194E-01        .3065187E-02
        .4324686E-01        .1730832E-01        .3378722E-02
        .4540920E-01        .1817637E-01        .3724252E-02
        .4767966E-01        .1908825E-01        .4105026E-02
        .5006364E-01        .2004620E-01        .4524618E-02
        .5256682E-01        .2105261E-01        .4986961E-02
        .5519516E-01        .2210998E-01        .5496379E-02
        .5795491E-01        .2322098E-01        .6057628E-02
        .6085266E-01        .2438839E-01        .6675935E-02
        .6389529E-01        .2561517E-01        .7357042E-02
        .6709005E-01        .2690446E-01        .8107259E-02
        .7044455E-01        .2825957E-01        .8933511E-02
        .7396677E-01        .2968399E-01        .9843397E-02
        .7766511E-01        .3118144E-01        .1084525E-01
        .8154836E-01        .3275587E-01        .1194821E-01
        .8562577E-01        .3441144E-01        .1316227E-01
        .8990706E-01        .3615261E-01        .1449837E-01
        .9440240E-01        .3798409E-01        .1596849E-01
        .9912252E-01        .3991093E-01        .1758568E-01
        .1040786E+00        .4193850E-01        .1936418E-01
        .1092826E+00        .4407252E-01        .2131952E-01
        .1147467E+00        .4631912E-01        .2346854E-01
        .1204840E+00        .4868488E-01        .2582955E-01
        .1265082E+00        .5117683E-01        .2842237E-01
        .1328336E+00        .5380256E-01        .3126838E-01
        .1394753E+00        .5657020E-01        .3439063E-01
        .1464491E+00        .5948855E-01        .3781386E-01
        .1537715E+00        .6256712E-01        .4156453E-01
        .1614601E+00        .6581620E-01        .4567082E-01
        .1695331E+00        .6924696E-01        .5016257E-01
        .1780097E+00        .7287156E-01        .5507124E-01
        .1869102E+00        .7670326E-01        .6042974E-01
        .1962557E+00        .8075653E-01        .6627227E-01
        .2060685E+00        .8504724E-01        .7263399E-01
        .2163719E+00        .8959279E-01        .7955072E-01
        .2271905E+00        .9441233E-01        .8705842E-01
        .2385500E+00        .9952696E-01        .9519268E-01
        .2504775E+00        .1049600E+00        .1039880E+00
        .2630013E+00        .1107371E+00        .1134768E+00
        .2761514E+00        .1168870E+00        .1236887E+00
        .2899589E+00        .1234412E+00        .1346494E+00
        .3044569E+00        .1304348E+00        .1463788E+00
        .3196797E+00        .1379068E+00        .1588902E+00
        .3356637E+00        .1459004E+00        .1721883E+00
        .3524468E+00        .1544635E+00        .1862675E+00
        .3700691E+00        .1636491E+00        .2011102E+00
        .3885726E+00        .1735158E+00        .2166848E+00
        .4080012E+00        .1841279E+00        .2329444E+00
        .4284012E+00        .1955559E+00        .2498259E+00
        .4498213E+00        .2078764E+00        .2672501E+00
        .4723123E+00        .2211719E+00        .2851229E+00
        .4959279E+00        .2355304E+00        .3033381E+00
        .5207243E+00        .2510439E+00        .3217822E+00
        .5467605E+00        .2678068E+00        .3403405E+00
        .5740985E+00        .2859126E+00        .3589038E+00
        .6028034E+00        .3054496E+00        .3773751E+00
        .6329435E+00        .3264944E+00        .3956747E+00
        .6645907E+00        .3491035E+00        .4137420E+00
        .6978202E+00        .3733021E+00        .4315340E+00
        .7327111E+00        .3990699E+00        .4490194E+00
        .7693466E+00        .4263253E+00        .4661711E+00
        .8078139E+00        .4549073E+00        .4829567E+00
        .8482046E+00        .4845594E+00        .4993305E+00
        .8906148E+00        .5149166E+00        .5152277E+00
        .9351455E+00        .5455010E+00        .5305614E+00
        .9819027E+00        .5757306E+00        .5452235E+00
        .1030998E+01        .6049430E+00        .5590863E+00
        .1082548E+01        .6324359E+00        .5720069E+00
        .1136675E+01        .6575188E+00        .5838320E+00
        .1193509E+01        .6795679E+00        .5944038E+00
        .1253184E+01        .6980711E+00        .6035654E+00
        .1315843E+01        .7126545E+00        .6111670E+00
        .1381635E+01        .7230828E+00        .6170708E+00
        .1450717E+01        .7292398E+00        .6211553E+00
        .1523253E+01        .7310967E+00        .6233182E+00
        .1599415E+01        .7286842E+00        .6234783E+00
        .1679386E+01        .7220751E+00        .6215763E+00
        .1763355E+01        .7113802E+00        .6175757E+00
        .1851523E+01        .6967534E+00        .6114623E+00
        .1944099E+01        .6783979E+00        .6032446E+00
        .2041304E+01        .6565689E+00        .5929534E+00
        .2143369E+01        .6315718E+00        .5806413E+00
        .2250537E+01        .6037569E+00        .5663828E+00
        .2363064E+01        .5735110E+00        .5502727E+00
        .2481217E+01        .5412502E+00        .5324259E+00
        .2605278E+01        .5074106E+00        .5129760E+00
        .2735542E+01        .4724405E+00        .4920740E+00
        .2872319E+01        .4367908E+00        .4698870E+00
        .3015934E+01        .4009064E+00        .4465963E+00
        .3166731E+01        .3652176E+00        .4223959E+00
        .3325067E+01        .3301318E+00        .3974898E+00
        .3491321E+01        .2960254E+00        .3720898E+00
        .3665886E+01        .2632371E+00        .3464127E+00
        .3849181E+01        .2320621E+00        .3206770E+00
        .4041639E+01        .2027466E+00        .2950996E+00
        .4243721E+01        .1754852E+00        .2698924E+00
        .4455907E+01        .1504186E+00        .2452580E+00
        .4678702E+01        .1276334E+00        .2213868E+00
        .4912637E+01        .1071638E+00        .1984526E+00
        .5158269E+01        .8899452E-01        .1766097E+00
        .5416182E+01        .7306509E-01        .1559899E+00
        .5686991E+01        .5927605E-01        .1367002E+00
        .5971340E+01        .4749548E-01        .1188215E+00
        .6269907E+01        .3756637E-01        .1024070E+00
        .6583402E+01        .2931428E-01        .8748317E-01
        .6912572E+01        .2255484E-01        .7404984E-01
        .7258200E+01        .1710077E-01        .6208219E-01
        .7621109E+01        .1276818E-01        .5153290E-01
        .8002165E+01        .9381833E-02        .4233513E-01
        .8402272E+01        .6779303E-02        .3440584E-01
        .8822386E+01        .4813918E-02        .2764942E-01
        .9263504E+01        .3356525E-02        .2196143E-01
        .9726679E+01        .2296161E-02        .1723235E-01
        .1021301E+02        .1539788E-02        .1335104E-01
        .1072366E+02        .1011277E-02        .1020794E-01
        .1125985E+02        .6498521E-03        .7697814E-02
        .1182284E+02        .4081825E-03        .5721921E-02
        .1241398E+02        .2503378E-03        .4189731E-02
        .1303468E+02        .1497412E-03        .3020012E-02
        .1368641E+02        .8725342E-04        .2141416E-02
        .1437073E+02        .4946560E-04        .1492574E-02
        .1508927E+02        .2724747E-04        .1021802E-02
        .1584373E+02        .1456265E-04        .6864765E-03
        .1663591E+02        .7540487E-05        .4521926E-03
        .1746771E+02        .3776764E-05        .2917745E-03
        .1834109E+02        .1826748E-05        .1842300E-03
        .1925815E+02        .8517483E-06        .1137107E-03
        .2022105E+02        .3821292E-06        .6853002E-04
        .2123211E+02        .1646298E-06        .4027913E-04
        .2229371E+02        .6796929E-07        .2305961E-04
        .2340839E+02        .2681813E-07        .1284161E-04
        .2457881E+02        .1007795E-07        .6946582E-05
        .2580775E+02        .0000000E+00        .3644690E-05
        .2709814E+02        .0000000E+00        .1851698E-05
        .2845304E+02        .0000000E+00        .9092634E-06
        .2987570E+02        .0000000E+00        .0000000E+00
        .3136948E+02        .0000000E+00        .0000000E+00
        .3293795E+02        .0000000E+00        .0000000E+00
        .3458485E+02        .0000000E+00        .0000000E+00
        .3631409E+02        .0000000E+00        .0000000E+00
        .3812979E+02        .0000000E+00        .0000000E+00
        .4003628E+02        .0000000E+00        .0000000E+00
        .4203809E+02        .0000000E+00        .0000000E+00
        .4413999E+02        .0000000E+00        .0000000E+00
        .4634699E+02        .0000000E+00        .0000000E+00
        .4866434E+02        .0000000E+00        .0000000E+00
        .5109755E+02        .0000000E+00        .0000000E+00
        .5365243E+02        .0000000E+00        .0000000E+00
        .5633505E+02        .0000000E+00        .0000000E+00
        .5915180E+02        .0000000E+00        .0000000E+00
        .6210938E+02        .0000000E+00        .0000000E+00
        .6521485E+02        .0000000E+00        .0000000E+00
        .6847559E+02        .0000000E+00        .0000000E+00
        .7189936E+02        .0000000E+00        .0000000E+00
        .7549433E+02        .0000000E+00        .0000000E+00
        .7926904E+02        .0000000E+00        .0000000E+00
        .8323249E+02        .0000000E+00        .0000000E+00
        .8739411E+02        .0000000E+00        .0000000E+00
        .9176381E+02        .0000000E+00        .0000000E+00
        .9635200E+02        .0000000E+00        .0000000E+00
        .1011696E+03        .0000000E+00        .0000000E+00
        .1062281E+03        .0000000E+00        .0000000E+00
        .1115395E+03        .0000000E+00        .0000000E+00
        .1171164E+03        .0000000E+00        .0000000E+00
        .1229722E+03        .0000000E+00        .0000000E+00
        .1291209E+03        .0000000E+00        .0000000E+00
        .1355769E+03        .0000000E+00        .0000000E+00
        .1423557E+03        .0000000E+00        .0000000E+00
&END
