&ATOM  
 Z  =   35
 ZV =    7
 XC = 1100        .666667
 TYPE = NORMCONSERVING BHS
&END   
&INFO  
    ============================================================
    |    BROMINE SGS PSEUDOPOTENTIAL                           |
    ============================================================
&END  
&POTENTIAL
    BHS
              2.1438    3.2700   -1.1438    1.3000
              3.3700     -119663.6738592       15192.7035895
              3.7600       63665.7537968       53855.8928173
              4.3700       56022.9842900       11843.5461417
              2.5300      -21407.8653682        2363.7377055
              2.9100      -23781.4081748       15245.5996083
              3.2400       45208.1761864        5462.5481510
              2.6300     -547049.5107026       43325.1945551
              2.8700      127282.2307948      165907.8766962
              3.1500      419783.8674180       39610.5372571
&END 
&WAVEFUNCTION
       269      1.049999948
        .2857143E-03        .5477700E-04        .3452478E-07
        .3000000E-03        .5751584E-04        .3806356E-07
        .3150000E-03        .6039163E-04        .4196507E-07
        .3307499E-03        .6341121E-04        .4626649E-07
        .3472874E-03        .6658177E-04        .5100881E-07
        .3646518E-03        .6991086E-04        .5623722E-07
        .3828844E-03        .7340640E-04        .6200155E-07
        .4020286E-03        .7707672E-04        .6835671E-07
        .4221300E-03        .8093055E-04        .7536329E-07
        .4432364E-03        .8497708E-04        .8308804E-07
        .4653982E-03        .8922593E-04        .9160457E-07
        .4886681E-03        .9368723E-04        .1009941E-06
        .5131015E-03        .9837160E-04        .1113460E-06
        .5387566E-03        .1032902E-03        .1227589E-06
        .5656944E-03        .1084547E-03        .1353417E-06
        .5939791E-03        .1138774E-03        .1492143E-06
        .6236780E-03        .1195713E-03        .1645088E-06
        .6548619E-03        .1255499E-03        .1813710E-06
        .6876049E-03        .1318274E-03        .1999615E-06
        .7219851E-03        .1384188E-03        .2204576E-06
        .7580844E-03        .1453397E-03        .2430546E-06
        .7959885E-03        .1526067E-03        .2679677E-06
        .8357879E-03        .1602371E-03        .2954344E-06
        .8775773E-03        .1682490E-03        .3257165E-06
        .9214561E-03        .1766615E-03        .3591025E-06
        .9675289E-03        .1854946E-03        .3959106E-06
        .1015905E-02        .1947694E-03        .4364915E-06
        .1066700E-02        .2045079E-03        .4812320E-06
        .1120035E-02        .2147333E-03        .5305583E-06
        .1176037E-02        .2254701E-03        .5849407E-06
        .1234839E-02        .2367437E-03        .6448972E-06
        .1296581E-02        .2485810E-03        .7109994E-06
        .1361410E-02        .2610102E-03        .7838770E-06
        .1429480E-02        .2740608E-03        .8642246E-06
        .1500954E-02        .2877640E-03        .9528078E-06
        .1576002E-02        .3021525E-03        .1050471E-05
        .1654802E-02        .3172603E-03        .1158144E-05
        .1737542E-02        .3331236E-03        .1276855E-05
        .1824419E-02        .3497801E-03        .1407733E-05
        .1915640E-02        .3672695E-03        .1552026E-05
        .2011422E-02        .3856334E-03        .1711109E-05
        .2111993E-02        .4049156E-03        .1886498E-05
        .2217592E-02        .4251620E-03        .2079865E-05
        .2328472E-02        .4464207E-03        .2293052E-05
        .2444895E-02        .4687426E-03        .2528091E-05
        .2567140E-02        .4921806E-03        .2787222E-05
        .2695497E-02        .5167907E-03        .3072914E-05
        .2830271E-02        .5426315E-03        .3387889E-05
        .2971785E-02        .5697645E-03        .3735150E-05
        .3120374E-02        .5982544E-03        .4118005E-05
        .3276392E-02        .6281691E-03        .4540104E-05
        .3440212E-02        .6595798E-03        .5005468E-05
        .3612222E-02        .6925614E-03        .5518533E-05
        .3792833E-02        .7271925E-03        .6084188E-05
        .3982475E-02        .7635556E-03        .6707824E-05
        .4181598E-02        .8017374E-03        .7395383E-05
        .4390678E-02        .8418290E-03        .8153419E-05
        .4610212E-02        .8839259E-03        .8989156E-05
        .4840722E-02        .9281285E-03        .9910558E-05
        .5082758E-02        .9745422E-03        .1092641E-04
        .5336896E-02        .1023278E-02        .1204638E-04
        .5603740E-02        .1074451E-02        .1328116E-04
        .5883927E-02        .1128185E-02        .1464251E-04
        .6178123E-02        .1184608E-02        .1614340E-04
        .6487029E-02        .1243853E-02        .1779814E-04
        .6811380E-02        .1306064E-02        .1962249E-04
        .7151949E-02        .1371387E-02        .2163386E-04
        .7509546E-02        .1439980E-02        .2385140E-04
        .7885023E-02        .1512006E-02        .2629626E-04
        .8279273E-02        .1587638E-02        .2899173E-04
        .8693237E-02        .1667057E-02        .3196352E-04
        .9127898E-02        .1750452E-02        .3523993E-04
        .9584292E-02        .1838024E-02        .3885221E-04
        .1006351E-01        .1929982E-02        .4283480E-04
        .1056668E-01        .2026547E-02        .4722564E-04
        .1109502E-01        .2127950E-02        .5206661E-04
        .1164977E-01        .2234436E-02        .5740385E-04
        .1223225E-01        .2346260E-02        .6328824E-04
        .1284387E-01        .2463691E-02        .6977589E-04
        .1348606E-01        .2587013E-02        .7692865E-04
        .1416036E-01        .2716522E-02        .8481473E-04
        .1486838E-01        .2852531E-02        .9350932E-04
        .1561180E-01        .2995370E-02        .1030953E-03
        .1639238E-01        .3145385E-02        .1136642E-03
        .1721200E-01        .3302939E-02        .1253167E-03
        .1807260E-01        .3468415E-02        .1381640E-03
        .1897623E-01        .3642218E-02        .1523287E-03
        .1992504E-01        .3824770E-02        .1679459E-03
        .2092129E-01        .4016520E-02        .1851646E-03
        .2196736E-01        .4217938E-02        .2041490E-03
        .2306572E-01        .4429520E-02        .2250806E-03
        .2421901E-01        .4651790E-02        .2481589E-03
        .2542996E-01        .4885298E-02        .2736043E-03
        .2670145E-01        .5130626E-02        .3016599E-03
        .2803653E-01        .5388389E-02        .3325937E-03
        .2943835E-01        .5659233E-02        .3667010E-03
        .3091027E-01        .5943845E-02        .4043078E-03
        .3245578E-01        .6242948E-02        .4457737E-03
        .3407857E-01        .6557307E-02        .4914951E-03
        .3578249E-01        .6887733E-02        .5419092E-03
        .3757162E-01        .7235084E-02        .5974986E-03
        .3945020E-01        .7600271E-02        .6587952E-03
        .4142270E-01        .7984258E-02        .7263861E-03
        .4349384E-01        .8388071E-02        .8009189E-03
        .4566853E-01        .8812802E-02        .8831081E-03
        .4795195E-01        .9259609E-02        .9737422E-03
        .5034955E-01        .9729730E-02        .1073691E-02
        .5286702E-01        .1022448E-01        .1183915E-02
        .5551037E-01        .1074528E-01        .1305473E-02
        .5828588E-01        .1129363E-01        .1439536E-02
        .6120018E-01        .1187115E-01        .1587393E-02
        .6426018E-01        .1247957E-01        .1750472E-02
        .6747319E-01        .1312076E-01        .1930346E-02
        .7084684E-01        .1379672E-01        .2128754E-02
        .7438918E-01        .1450964E-01        .2347616E-02
        .7810864E-01        .1526185E-01        .2589053E-02
        .8201407E-01        .1605590E-01        .2855411E-02
        .8611477E-01        .1689455E-01        .3149279E-02
        .9042050E-01        .1778080E-01        .3473523E-02
        .9494152E-01        .1871794E-01        .3831311E-02
        .9968859E-01        .1970955E-01        .4226145E-02
        .1046730E+00        .2075958E-01        .4661903E-02
        .1099067E+00        .2187233E-01        .5142875E-02
        .1154020E+00        .2305259E-01        .5673812E-02
        .1211721E+00        .2430560E-01        .6259975E-02
        .1272307E+00        .2563721E-01        .6907195E-02
        .1335922E+00        .2705387E-01        .7621935E-02
        .1402718E+00        .2856281E-01        .8411363E-02
        .1472854E+00        .3017206E-01        .9283432E-02
        .1546497E+00        .3189061E-01        .1024697E-01
        .1623821E+00        .3372855E-01        .1131179E-01
        .1705012E+00        .3569722E-01        .1248879E-01
        .1790263E+00        .3780940E-01        .1379009E-01
        .1879776E+00        .4007950E-01        .1522919E-01
        .1973765E+00        .4252384E-01        .1682109E-01
        .2072453E+00        .4516093E-01        .1858255E-01
        .2176075E+00        .4801179E-01        .2053220E-01
        .2284879E+00        .5110034E-01        .2269087E-01
        .2399123E+00        .5445382E-01        .2508179E-01
        .2519079E+00        .5810336E-01        .2773090E-01
        .2645033E+00        .6208451E-01        .3066719E-01
        .2777284E+00        .6643796E-01        .3392307E-01
        .2916148E+00        .7121029E-01        .3753476E-01
        .3061956E+00        .7645485E-01        .4154278E-01
        .3215053E+00        .8223279E-01        .4599243E-01
        .3375806E+00        .8861416E-01        .5093435E-01
        .3544596E+00        .9567915E-01        .5642512E-01
        .3721826E+00        .1035195E+00        .6252787E-01
        .3907917E+00        .1122398E+00        .6931293E-01
        .4103312E+00        .1219592E+00        .7685856E-01
        .4308478E+00        .1328130E+00        .8525151E-01
        .4523901E+00        .1449534E+00        .9458763E-01
        .4750096E+00        .1585516E+00        .1049723E+00
        .4987601E+00        .1737974E+00        .1165207E+00
        .5236981E+00        .1908995E+00        .1293575E+00
        .5498829E+00        .2100832E+00        .1436163E+00
        .5773771E+00        .2315873E+00        .1594385E+00
        .6062459E+00        .2556564E+00        .1769703E+00
        .6365581E+00        .2825310E+00        .1963591E+00
        .6683860E+00        .3124304E+00        .2177478E+00
        .7018053E+00        .3455307E+00        .2412668E+00
        .7368955E+00        .3819338E+00        .2670230E+00
        .7737403E+00        .4216294E+00        .2950855E+00
        .8124272E+00        .4644494E+00        .3254681E+00
        .8530486E+00        .5100197E+00        .3581081E+00
        .8957010E+00        .5577149E+00        .3928434E+00
        .9404860E+00        .6066258E+00        .4293880E+00
        .9875102E+00        .6555540E+00        .4673116E+00
        .1036886E+01        .7030441E+00        .5060261E+00
        .1088730E+01        .7474626E+00        .5447842E+00
        .1143166E+01        .7871224E+00        .5826975E+00
        .1200325E+01        .8204362E+00        .6187750E+00
        .1260341E+01        .8460717E+00        .6519841E+00
        .1323358E+01        .8630738E+00        .6813267E+00
        .1389526E+01        .8709280E+00        .7059200E+00
        .1459002E+01        .8695541E+00        .7250670E+00
        .1531952E+01        .8592442E+00        .7383023E+00
        .1608549E+01        .8405737E+00        .7454050E+00
        .1688977E+01        .8143145E+00        .7463792E+00
        .1773426E+01        .7813690E+00        .7414131E+00
        .1862097E+01        .7427267E+00        .7308301E+00
        .1955201E+01        .6994347E+00        .7150459E+00
        .2052961E+01        .6525699E+00        .6945381E+00
        .2155609E+01        .6032102E+00        .6698276E+00
        .2263390E+01        .5524015E+00        .6414672E+00
        .2376559E+01        .5011351E+00        .6100319E+00
        .2495387E+01        .4503187E+00        .5761082E+00
        .2620156E+01        .4007605E+00        .5402826E+00
        .2751164E+01        .3531563E+00        .5031309E+00
        .2888722E+01        .3080827E+00        .4652077E+00
        .3033158E+01        .2659929E+00        .4270385E+00
        .3184816E+01        .2272184E+00        .3891134E+00
        .3344056E+01        .1919729E+00        .3518806E+00
        .3511259E+01        .1603599E+00        .3157422E+00
        .3686822E+01        .1323830E+00        .2810505E+00
        .3871163E+01        .1079582E+00        .2481048E+00
        .4064721E+01        .8692749E-01        .2171497E+00
        .4267956E+01        .6907396E-01        .1883740E+00
        .4481354E+01        .5413654E-01        .1619106E+00
        .4705422E+01        .4182489E-01        .1378381E+00
        .4940692E+01        .3183339E-01        .1161827E+00
        .5187727E+01        .2385373E-01        .9692216E-01
        .5447113E+01        .1758583E-01        .7999027E-01
        .5719468E+01        .1274663E-01        .6528297E-01
        .6005441E+01        .9076795E-02        .5266469E-01
        .6305713E+01        .6345068E-02        .4197554E-01
        .6620999E+01        .4350634E-02        .3303860E-01
        .6952048E+01        .2923542E-02        .2566717E-01
        .7299650E+01        .1923605E-02        .1967148E-01
        .7664632E+01        .1238114E-02        .1486480E-01
        .8047864E+01        .7787735E-03        .1106859E-01
        .8450256E+01        .4782007E-03        .8116532E-02
        .8872769E+01        .2863359E-03        .5857500E-02
        .9316407E+01        .1669931E-03        .4157378E-02
        .9782227E+01        .9474147E-04        .2899852E-02
        .1027134E+02        .5221920E-04        .1986301E-02
        .1078490E+02        .2792321E-04        .1334966E-02
        .1132415E+02        .1446461E-04        .8795715E-03
        .1189036E+02        .7247310E-05        .5676026E-03
        .1248487E+02        .3506380E-05        .3583942E-03
        .1310912E+02        .1635285E-05        .2211901E-03
        .1376457E+02        .7337971E-06        .1332832E-03
        .1445280E+02        .3161952E-06        .7832103E-04
        .1517544E+02        .1305663E-06        .4482635E-04
        .1593421E+02        .5155270E-07        .2495553E-04
        .1673092E+02        .1941814E-07        .1349496E-04
        .1756746E+02        .6960541E-08        .7077929E-05
        .1844584E+02        .2368155E-08        .3594964E-05
        .1936813E+02        .7627790E-09        .1765316E-05
        .2033653E+02        .2315091E-09        .8366330E-06
        .2135336E+02        .6566003E-10        .3819772E-06
        .2242103E+02        .0000000E+00        .1676797E-06
        .2354208E+02        .0000000E+00        .7062946E-07
        .2471918E+02        .0000000E+00        .2847130E-07
        .2595514E+02        .0000000E+00        .1094789E-07
        .2725289E+02        .0000000E+00        .0000000E+00
        .2861554E+02        .0000000E+00        .0000000E+00
        .3004631E+02        .0000000E+00        .0000000E+00
        .3154862E+02        .0000000E+00        .0000000E+00
        .3312605E+02        .0000000E+00        .0000000E+00
        .3478236E+02        .0000000E+00        .0000000E+00
        .3652147E+02        .0000000E+00        .0000000E+00
        .3834754E+02        .0000000E+00        .0000000E+00
        .4026492E+02        .0000000E+00        .0000000E+00
        .4227816E+02        .0000000E+00        .0000000E+00
        .4439207E+02        .0000000E+00        .0000000E+00
        .4661167E+02        .0000000E+00        .0000000E+00
        .4894225E+02        .0000000E+00        .0000000E+00
        .5138936E+02        .0000000E+00        .0000000E+00
        .5395883E+02        .0000000E+00        .0000000E+00
        .5665677E+02        .0000000E+00        .0000000E+00
        .5948960E+02        .0000000E+00        .0000000E+00
        .6246408E+02        .0000000E+00        .0000000E+00
        .6558728E+02        .0000000E+00        .0000000E+00
        .6886664E+02        .0000000E+00        .0000000E+00
        .7230997E+02        .0000000E+00        .0000000E+00
        .7592546E+02        .0000000E+00        .0000000E+00
        .7972173E+02        .0000000E+00        .0000000E+00
        .8370782E+02        .0000000E+00        .0000000E+00
        .8789320E+02        .0000000E+00        .0000000E+00
        .9228786E+02        .0000000E+00        .0000000E+00
        .9690225E+02        .0000000E+00        .0000000E+00
        .1017474E+03        .0000000E+00        .0000000E+00
        .1068347E+03        .0000000E+00        .0000000E+00
        .1121765E+03        .0000000E+00        .0000000E+00
        .1177853E+03        .0000000E+00        .0000000E+00
        .1236745E+03        .0000000E+00        .0000000E+00
        .1298582E+03        .0000000E+00        .0000000E+00
        .1363512E+03        .0000000E+00        .0000000E+00
&END
