&ATOM  
 Z  =    9
 ZV =    7
 XC = 1312        .666667
 TYPE = NORMCONSERVING LOGARITHMIC 
&END   
&INFO  
    ============================================================
    |    Pseudopotential Report     Wed Sep 18 12:50:17 2002   |
    |                   Martins-Trouiller Type                 |
    ------------------------------------------------------------
    |  Atomic Symbol                   :   F                   |
    |  Atomic Number                   :   9                   |
    |  Valence Charge                  :   7                   |
    |  Number of valence states        :   2                   |
    |  Exchange-Correlation Functional :                       |
    |     Slater exchange :   .6667                            |
    |     LDA correlation : Lee-Yang-Parr                      |
    |     Exchange GC     : Becke (1988)                       |
    |     Correlation GC  : Lee-Yang-Parr                      |
    |      n     l        Rc        occ       energy           |
    |      2     S     1.000     2.0000     -1.09423           |
    |      2     P     1.000     1.6667      -.40928           |
    |  Radial Functions Stored on Logarithmic Grids            |
    ============================================================
&END   
&POTENTIALS   
 251  LOGARITHMIC GRID 
     .1000000000E-04    -13.52318386        -31.60220497    
     .1064025027E-04    -13.52319849        -31.60221960    
     .1132149259E-04    -13.52321505        -31.60223616    
     .1204635146E-04    -13.52323380        -31.60225491    
     .1281761945E-04    -13.52325503        -31.60227614    
     .1363826788E-04    -13.52327907        -31.60230018    
     .1451145836E-04    -13.52330628        -31.60232739    
     .1544055488E-04    -13.52333709        -31.60235820    
     .1642913683E-04    -13.52337197        -31.60239308    
     .1748101276E-04    -13.52341146        -31.60243257    
     .1860023508E-04    -13.52345617        -31.60247728    
     .1979111565E-04    -13.52350679        -31.60252790    
     .2105824237E-04    -13.52356409        -31.60258520    
     .2240649691E-04    -13.52362897        -31.60265008    
     .2384107349E-04    -13.52370242        -31.60272353    
     .2536749888E-04    -13.52378558        -31.60280669    
     .2699165369E-04    -13.52387973        -31.60290084    
     .2871979506E-04    -13.52398632        -31.60300743    
     .3055858072E-04    -13.52410699        -31.60312810    
     .3251509469E-04    -13.52424361        -31.60326472    
     .3459687452E-04    -13.52439829        -31.60341940    
     .3681194036E-04    -13.52457341        -31.60359452    
     .3916882585E-04    -13.52477167        -31.60379278    
     .4167661100E-04    -13.52499613        -31.60401724    
     .4434495716E-04    -13.52525025        -31.60427136    
     .4718414426E-04    -13.52553795        -31.60455906    
     .5020511039E-04    -13.52586367        -31.60488478    
     .5341949396E-04    -13.52623244        -31.60525355    
     .5683967853E-04    -13.52664993        -31.60567104    
     .6047884051E-04    -13.52712260        -31.60614371    
     .6435099993E-04    -13.52765774        -31.60667885    
     .6847107446E-04    -13.52826359        -31.60728470    
     .7285493688E-04    -13.52894950        -31.60797061    
     .7751947622E-04    -13.52972606        -31.60874717    
     .8248266281E-04    -13.53060524        -31.60962635    
     .8776361756E-04    -13.53160060        -31.61062171    
     .9338268558E-04    -13.53272749        -31.61174860    
     .9936151458E-04    -13.53400331        -31.61302442    
     .1057231383E-03    -13.53544772        -31.61446883    
     .1124920651E-03    -13.53708301        -31.61610412    
     .1196943727E-03    -13.53893440        -31.61795551    
     .1273578082E-03    -13.54103046        -31.62005157    
     .1355118953E-03    -13.54340350        -31.62242461    
     .1441880481E-03    -13.54609014        -31.62511125    
     .1534196919E-03    -13.54913182        -31.62815293    
     .1632423918E-03    -13.55257546        -31.63159657    
     .1736939905E-03    -13.55647417        -31.63549528    
     .1848147530E-03    -13.56088809        -31.63990920    
     .1966475226E-03    -13.56588531        -31.64490642    
     .2092378856E-03    -13.57154290        -31.65056401    
     .2226343470E-03    -13.57794814        -31.65696925    
     .2368885172E-03    -13.58519983        -31.66422094    
     .2520553110E-03    -13.59340983        -31.67243094    
     .2681931592E-03    -13.60270477        -31.68172588    
     .2853642335E-03    -13.61322803        -31.69224914    
     .3036346864E-03    -13.62514193        -31.70416304    
     .3230749055E-03    -13.63863025        -31.71765136    
     .3437597852E-03    -13.65390103        -31.73292214    
     .3657690149E-03    -13.67118984        -31.75021095    
     .3891873861E-03    -13.69076335        -31.76978446    
     .4141051192E-03    -13.71292358        -31.79194469    
     .4406182108E-03    -13.73801394        -31.81703505    
     .4688288038E-03    -13.76645084        -31.84547195    
     .4988455808E-03    -13.79924364        -31.87826475    
     .5307841828E-03    -13.83320366        -31.91222477    
     .5647676547E-03    -13.85268430        -31.93170541    
     .6009269193E-03    -13.86308240        -31.94210351    
     .6394012818E-03    -13.86766572        -31.94668683    
     .6803389664E-03    -13.86852248        -31.94754359    
     .7238976874E-03    -13.86697747        -31.94599858    
     .7702452567E-03    -13.86385460        -31.94287571    
     .8195602303E-03    -13.85965106        -31.93867217    
     .8720325966E-03    -13.85465214        -31.93367325    
     .9278645075E-03    -13.84900625        -31.92802736    
     .9872710580E-03    -13.84277327        -31.92179438    
     .1050481115E-02    -13.83595548        -31.91497658    
     .1117738197E-02    -13.82851714        -31.90753825    
     .1189301415E-02    -13.82039652        -31.89941763    
     .1265446471E-02    -13.81151346        -31.89053456    
     .1346466716E-02    -13.80177367        -31.88079477    
     .1432674285E-02    -13.79107141        -31.87009252    
     .1524401295E-02    -13.77929089        -31.85831199    
     .1622001130E-02    -13.76630703        -31.84532813    
     .1725849797E-02    -13.75198588        -31.83100698    
     .1836347377E-02    -13.73618483        -31.81520594    
     .1953919568E-02    -13.71875280        -31.79777390    
     .2079019322E-02    -13.69953040        -31.77855150    
     .2212128591E-02    -13.67835017        -31.75737127    
     .2353760185E-02    -13.65503693        -31.73405802    
     .2504459746E-02    -13.62940816        -31.70842925    
     .2664807849E-02    -13.60127450        -31.68029559    
     .2835422245E-02    -13.57044038        -31.64946145    
     .3016960232E-02    -13.53670460        -31.61572567    
     .3210121194E-02    -13.49986121        -31.57888227    
     .3415649291E-02    -13.45970027        -31.53872131    
     .3634336331E-02    -13.41600893        -31.49502996    
     .3867024814E-02    -13.36857261        -31.44759361    
     .4114611184E-02    -13.31717632        -31.39619730    
     .4378049278E-02    -13.26160640        -31.34062734    
     .4658354003E-02    -13.20165245        -31.28067334    
     .4956605246E-02    -13.13710970        -31.21613053    
     .5273952032E-02    -13.06778175        -31.14680251    
     .5611616956E-02    -12.99348383        -31.07250449    
     .5970900885E-02    -12.91404640        -30.99306694    
     .6353187978E-02    -12.82931934        -30.90833972    
     .6759951013E-02    -12.73917646        -30.81819664    
     .7192757062E-02    -12.64352048        -30.72254040    
     .7653273530E-02    -12.54228825        -30.62130783    
     .8143274578E-02    -12.43545621        -30.51447537    
     .8664647956E-02    -12.32304593        -30.40206455    
     .9219402279E-02    -12.20512954        -30.28414745    
     .9809674763E-02    -12.08183486        -30.16085189    
     .1043773946E-01    -11.95335014        -30.03236602    
     .1110601601E-01    -11.81992791        -29.89894233    
     .1181707899E-01    -11.68188797        -29.76090051    
     .1257366780E-01    -11.53961910        -29.61862923    
     .1337869723E-01    -11.39357924        -29.47258629    
     .1423526868E-01    -11.24429399        -29.32329711    
     .1514668215E-01    -11.09235322        -29.17135128    
     .1611644889E-01    -10.93840557        -29.01739716    
     .1714830497E-01    -10.78315099        -28.86213428    
     .1824622567E-01    -10.62733114        -28.70630381    
     .1941444077E-01    -10.47171804        -28.55067708    
     .2065745087E-01    -10.31710098        -28.39604258    
     .2198004473E-01    -10.16427233        -28.24319158    
     .2338731770E-01    -10.01401244        -28.09290305    
     .2488469135E-01    -9.867074361        -27.94592827    
     .2647793440E-01    -9.724168849        -27.80297575    
     .2817318488E-01    -9.585950225        -27.66469690    
     .2997697381E-01    -9.453003622        -27.53167314    
     .3189625038E-01    -9.325834037        -27.40440471    
     .3393840869E-01    -9.204857536        -27.28330160    
     .3611131623E-01    -9.090394778        -27.16867667    
     .3842334424E-01    -8.982666927        -27.06074111    
     .4088339991E-01    -8.881793877        -26.95960206    
     .4350096071E-01    -8.787794600        -26.86526216    
     .4628611092E-01    -8.700589394        -26.77762083    
     .4924958044E-01    -8.620003738        -26.69647685    
     .5240278618E-01    -8.545773542        -26.62153199    
     .5575787600E-01    -8.477551574        -26.55239540    
     .5932777554E-01    -8.414915004        -26.48858853    
     .6312623800E-01    -8.357374010        -26.42955045    
     .6716789711E-01    -8.304381548        -26.37464333    
     .7146832357E-01    -8.255344352        -26.32315816    
     .7604408495E-01    -8.209635270        -26.27432026    
     .8091280957E-01    -8.166606980        -26.22729448    
     .8609325442E-01    -8.125607033        -26.18118937    
     .9160537740E-01    -8.085994124        -26.13505987    
     .9747041420E-01    -8.047155402        -26.08790752    
     .1037109601        -8.008524680        -26.03867725    
     .1103510572        -7.969601490        -25.98624975    
     .1174162867        -7.929971114        -25.92942829    
     .1249338676        -7.889325984        -25.86691916    
     .1329327620        -7.847489085        -25.79730459    
     .1414437857        -7.804440213        -25.71900757    
     .1504997279        -7.760346028        -25.63024743    
     .1601354771        -7.715594770        -25.52898547    
     .1703881555        -7.670836304        -25.41285972    
     .1812972618        -7.627027716        -25.27910809    
     .1929048240        -7.585484236        -25.12448021    
     .2052555606        -7.547934634        -24.94513912    
     .2183970535        -7.516579557        -24.73655707    
     .2323799308        -7.494150368        -24.49341313    
     .2472580623        -7.483964650        -24.20950654    
     .2630887665        -7.489972263        -23.87770688    
     .2799330320        -7.516782223        -23.48997242    
     .2978557520        -7.569655944        -23.03748017    
     .3169259747        -7.654451392        -22.51093098    
     .3372171690        -7.777537001        -21.90115009    
     .3588075074        -7.945909760        -21.20033993    
     .3817801680        -8.167634961        -20.40423666    
     .4062236537        -8.446869745        -19.50955643    
     .4322321342        -8.775979145        -18.50931211    
     .4599058085        -9.142546092        -17.40375264    
     .4893512905        -9.530705113        -16.20608148    
     .5206820203        -9.916842855        -14.94236253    
     .5540187009        -10.26689812        -13.65169281    
     .5894897634        -10.53575680        -12.38532646    
     .6272318617        -10.66989522        -11.20339144    
     .6673903989        -10.61516525        -10.16806639    
     .7101200875        -10.33139802        -9.332031532    
     .7555855455        -9.813676714        -8.721093804    
     .8039619308        -9.115579136        -8.311548380    
     .8554356155        -8.360751365        -8.010579435    
     .9102049042        -7.711682297        -7.671658667    
     .9684807982        -7.228759797        -7.228891871    
     1.030487808        -6.793819803        -6.793829235    
     1.096464818        -6.384986663        -6.384987325    
     1.166666008        -6.000745153        -6.000745198    
     1.241361831        -5.639623861        -5.639623865    
     1.320840057        -5.300233788        -5.300233788    
     1.405406877        -4.981268369        -4.981268369    
     1.495388091        -4.681499090        -4.681499090    
     1.591130355        -4.399770994        -4.399770994    
     1.693002519        -4.134998356        -4.134998356    
     1.801397052        -3.886160580        -3.886160580    
     1.916731548        -3.652298338        -3.652298338    
     2.039450338        -3.432509950        -3.432509950    
     2.170026202        -3.225948014        -3.225948014    
     2.308962189        -3.031816251        -3.031816251    
     2.456793556        -2.849366584        -2.849366584    
     2.614089831        -2.677896399        -2.677896399    
     2.781457004        -2.516745956        -2.516745956    
     2.959539865        -2.365295839        -2.365295839    
     3.149024486        -2.222964321        -2.222964321    
     3.350640865        -2.089204411        -2.089204411    
     3.565165738        -1.963500512        -1.963500512    
     3.793425573        -1.845365042        -1.845365042    
     4.036299749        -1.734336447        -1.734336447    
     4.294723951        -1.629980543        -1.629980543    
     4.569693770        -1.531894439        -1.531894439    
     4.862268539        -1.439706652        -1.439706652    
     5.173575415        -1.353068833        -1.353068833    
     5.504813723        -1.271647879        -1.271647879    
     5.857259573        -1.195127545        -1.195127545    
     6.232270777        -1.123211762        -1.123211762    
     6.631292085        -1.055623334        -1.055623334    
     7.055860743        -.9921019696        -.9921019696    
     7.507612420        -.9324034777        -.9324034777    
     7.988287511        -.8763016078        -.8763016078    
     8.499737838        -.8235398470        -.8235398470    
     9.043933786        -.7740042852        -.7740042852    
     9.622971895        -.7274300829        -.7274300829    
     10.23908293        -.6836579188        -.6836579188    
     10.89464050        -.6425198421        -.6425198421    
     11.59217016        -.6038573741        -.6038573741    
     12.33435917        -.5675215747        -.5675215747    
     13.12406685        -.5333711666        -.5333711666    
     13.96433559        -.5012769658        -.5012769658    
     14.85840256        -.4711138900        -.4711138900    
     15.80971219        -.4427657956        -.4427657956    
     16.82192945        -.4161234762        -.4161234762    
     17.89895395        -.3910842915        -.3910842915    
     19.04493496        -.3675517771        -.3675517771    
     20.26428745        -.3454352728        -.3454352728    
     21.56170901        -.3246495739        -.3246495739    
     22.94219802        -.3051146025        -.3051146025    
     24.41107287        -.2867550991        -.2867550991    
     25.97399248        -.2695003330        -.2695003330    
     27.63697807        -.2532838292        -.2532838292    
     29.40643634        -.2380431130        -.2380431130    
     31.28918424        -.2237194687        -.2237194687    
     33.29247512        -.2102577138        -.2102577138    
     35.42402675        -.1976059861        -.1976059861    
     37.69205103        -.1857155444        -.1857155444    
     40.10528564        -.1745405801        -.1745405801    
     42.67302765        -.1640380410        -.1640380410    
     45.40516941        -.1541674657        -.1541674657    
     48.31223663        -.1448908272        -.1448908272    
     51.40542891        -.1361723853        -.1361723853    
     54.69666290        -.1279785413        -.1279785413    
&END   
&ATDENS   
 251  LOGARITHMIC GRID 
     .1000000000E-04     4.438651171    
     .1064025027E-04     4.437461891    
     .1132149259E-04     4.436281292    
     .1204635146E-04     4.435171124    
     .1281761945E-04     4.434131603    
     .1363826788E-04     4.433159092    
     .1451145836E-04     4.432249481    
     .1544055488E-04     4.431398885    
     .1642913683E-04     4.430603648    
     .1748101276E-04     4.429860330    
     .1860023508E-04     4.429165695    
     .1979111565E-04     4.428516694    
     .2105824237E-04     4.427910461    
     .2240649691E-04     4.427344295    
     .2384107349E-04     4.426815652    
     .2536749888E-04     4.426322138    
     .2699165369E-04     4.425861496    
     .2871979506E-04     4.425431603    
     .3055858072E-04     4.425030455    
     .3251509469E-04     4.424656168    
     .3459687452E-04     4.424306965    
     .3681194036E-04     4.423981173    
     .3916882585E-04     4.423677216    
     .4167661100E-04     4.423393614    
     .4434495716E-04     4.423128970    
     .4718414426E-04     4.422881975    
     .5020511039E-04     4.422651396    
     .5341949396E-04     4.422436079    
     .5683967853E-04     4.422234941    
     .6047884051E-04     4.422046969    
     .6435099993E-04     4.421871218    
     .6847107446E-04     4.421706806    
     .7285493688E-04     4.421552912    
     .7751947622E-04     4.421408777    
     .8248266281E-04     4.421273696    
     .8776361756E-04     4.421147021    
     .9338268558E-04     4.421028157    
     .9936151458E-04     4.420916559    
     .1057231383E-03     4.420811737    
     .1124920651E-03     4.420713247    
     .1196943727E-03     4.420620692    
     .1273578082E-03     4.420533723    
     .1355118953E-03     4.420452014    
     .1441880481E-03     4.420375268    
     .1534196919E-03     4.420303207    
     .1632423918E-03     4.420235577    
     .1736939905E-03     4.420172144    
     .1848147530E-03     4.420112691    
     .1966475226E-03     4.420057018    
     .2092378856E-03     4.420004941    
     .2226343470E-03     4.419956291    
     .2368885172E-03     4.419910914    
     .2520553110E-03     4.419868669    
     .2681931592E-03     4.419829430    
     .2853642335E-03     4.419793087    
     .3036346864E-03     4.419759541    
     .3230749055E-03     4.419728710    
     .3437597852E-03     4.419700528    
     .3657690149E-03     4.419674942    
     .3891873861E-03     4.419651917    
     .4141051192E-03     4.419631437    
     .4406182108E-03     4.419613502    
     .4688288038E-03     4.419598133    
     .4988455808E-03     4.419585373    
     .5307841828E-03     4.419575287    
     .5647676547E-03     4.419567965    
     .6009269193E-03     4.419563526    
     .6394012818E-03     4.419562120    
     .6803389664E-03     4.419563928    
     .7238976874E-03     4.419569171    
     .7702452567E-03     4.419578110    
     .8195602303E-03     4.419591053    
     .8720325966E-03     4.419608359    
     .9278645075E-03     4.419630444    
     .9872710580E-03     4.419657792    
     .1050481115E-02     4.419690954    
     .1117738197E-02     4.419730568    
     .1189301415E-02     4.419777362    
     .1265446471E-02     4.419832167    
     .1346466716E-02     4.419895931    
     .1432674285E-02     4.419969735    
     .1524401295E-02     4.420054810    
     .1622001130E-02     4.420152551    
     .1725849797E-02     4.420264549    
     .1836347377E-02     4.420392605    
     .1953919568E-02     4.420538766    
     .2079019322E-02     4.420705352    
     .2212128591E-02     4.420894997    
     .2353760185E-02     4.421110682    
     .2504459746E-02     4.421355792    
     .2664807849E-02     4.421634156    
     .2835422245E-02     4.421950117    
     .3016960232E-02     4.422308593    
     .3210121194E-02     4.422715155    
     .3415649291E-02     4.423176112    
     .3634336331E-02     4.423698609    
     .3867024814E-02     4.424290738    
     .4114611184E-02     4.424961661    
     .4378049278E-02     4.425721752    
     .4658354003E-02     4.426582755    
     .4956605246E-02     4.427557969    
     .5273952032E-02     4.428662450    
     .5611616956E-02     4.429913238    
     .5970900885E-02     4.431329629    
     .6353187978E-02     4.432933460    
     .6759951013E-02     4.434749454    
     .7192757062E-02     4.436805592    
     .7653273530E-02     4.439133545    
     .8143274578E-02     4.441769156    
     .8664647956E-02     4.444752992    
     .9219402279E-02     4.448130960    
     .9809674763E-02     4.451955009    
     .1043773946E-01     4.456283917    
     .1110601601E-01     4.461184191    
     .1181707899E-01     4.466731067    
     .1257366780E-01     4.473009656    
     .1337869723E-01     4.480116223    
     .1423526868E-01     4.488159638    
     .1514668215E-01     4.497263009    
     .1611644889E-01     4.507565517    
     .1714830497E-01     4.519224490    
     .1824622567E-01     4.532417732    
     .1941444077E-01     4.547346135    
     .2065745087E-01     4.564236619    
     .2198004473E-01     4.583345426    
     .2338731770E-01     4.604961806    
     .2488469135E-01     4.629412143    
     .2647793440E-01     4.657064552    
     .2817318488E-01     4.688334003    
     .2997697381E-01     4.723688015    
     .3189625038E-01     4.763652957    
     .3393840869E-01     4.808821010    
     .3611131623E-01     4.859857817    
     .3842334424E-01     4.917510856    
     .4088339991E-01     4.982618556    
     .4350096071E-01     5.056120143    
     .4628611092E-01     5.139066193    
     .4924958044E-01     5.232629826    
     .5240278618E-01     5.338118417    
     .5575787600E-01     5.456985640    
     .5932777554E-01     5.590843576    
     .6312623800E-01     5.741474471    
     .6716789711E-01     5.910841629    
     .7146832357E-01     6.101098674    
     .7604408495E-01     6.314596226    
     .8091280957E-01     6.553884687    
     .8609325442E-01     6.821711494    
     .9160537740E-01     7.121010722    
     .9747041420E-01     7.454882383    
     .1037109601         7.826558126    
     .1103510572         8.239349317    
     .1174162867         8.696572692    
     .1249338676         9.201447912    
     .1329327620         9.756960579    
     .1414437857         10.36568360    
     .1504997279         11.02954952    
     .1601354771         11.74956668    
     .1703881555         12.52547344    
     .1812972618         13.35532763    
     .1929048240         14.23503325    
     .2052555606         15.15781486    
     .2183970535         16.11366211    
     .2323799308         17.08878323    
     .2472580623         18.06512848    
     .2630887665         19.02006950    
     .2799330320         19.92634796    
     .2978557520         20.75242949    
     .3169259747         21.46340797    
     .3372171690         22.02258800    
     .3588075074         22.39381277    
     .3817801680         22.54448844    
     .4062236537         22.44907955    
     .4322321342         22.09263448    
     .4599058085         21.47369693    
     .4893512905         20.60586035    
     .5206820203         19.51733086    
     .5540187009         18.24825077    
     .5894897634         16.84615798    
     .6272318617         15.36061090    
     .6673903989         13.83835256    
     .7101200875         12.32012180    
     .7555855455         10.83937728    
     .8039619308         9.422342559    
     .8554356155         8.088708839    
     .9102049042         6.853093630    
     .9684807982         5.727274903    
     1.030487808         4.720495972    
     1.096464818         3.836928200    
     1.166666008         3.075505499    
     1.241361831         2.430898457    
     1.320840057         1.894583172    
     1.405406877         1.455904660    
     1.495388091         1.103051187    
     1.591130355         .8238847866    
     1.693002519         .6065988857    
     1.801397052         .4401962430    
     1.916731548         .3147976670    
     2.039450338         .2218035860    
     2.170026202         .1539368138    
     2.308962189         .1051967184    
     2.456793556         .7075347831E-01
     2.614089831         .4680744152E-01
     2.781457004         .3043381735E-01
     2.959539865         .1942782238E-01
     3.149024486         .1216057260E-01
     3.350640865         .7451829170E-02
     3.565165738         .4462362864E-02
     3.793425573         .2606248235E-02
     4.036299749         .1481766076E-02
     4.294723951         .8186310846E-03
     4.569693770         .4387774195E-03
     4.862268539         .2277965521E-03
     5.173575415         .1143390011E-03
     5.504813723         .5536584854E-04
     5.857259573         .2580044237E-04
     6.232270777         .1153948362E-04
     6.631292085         .4938798502E-05
     7.055860743         .2015462518E-05
     7.507612420         .7802865439E-06
     7.988287511         .2844817205E-06
     8.499737838         .9660162009E-07
     9.043933786         .3152032618E-07
     9.622971895         .9695566578E-08
     10.23908293         .2820049351E-08
     10.89464050         .7928618455E-09
     11.59217016         .2355497067E-09
     12.33435917         .9843526797E-10
     13.12406685        -.5998557794E-11
     13.96433559        -.5526837138E-12
     14.85840256        -.4865521626E-13
     15.80971219        -.4147226856E-14
     16.82192945        -.3449094259E-15
     17.89895395        -.2812251332E-16
     19.04493496        -.2255057425E-17
     20.26428745        -.1782003635E-18
     21.56170901        -.1389597013E-19
     22.94219802        -.1070171099E-20
     24.41107287        -.8142860017E-22
     25.97399248        -.6121817529E-23
     27.63697807        -.4546066857E-24
     29.40643634        -.3332419789E-25
     31.28918424        -.2408727135E-26
     33.29247512        -.1714062637E-27
     35.42402675        -.1198044935E-28
     37.69205103        -.8197262951E-30
     40.10528564        -.5463163480E-31
     42.67302765        -.3519016308E-32
     45.40516941        -.2162508969E-33
     48.31223663        -.1237505774E-34
     51.40542891        -.6248509912E-36
     54.69666290        -.2336273468E-37
&END   
&WAVEFUNCTION 
 251   CHANNELS=1 
     .1000000000E-04     .1489740098E-04     .1032454933E-08
     .1064025027E-04     .1584908377E-04     .1144858602E-08
     .1132149259E-04     .1686157831E-04     .1269937244E-08
     .1204635146E-04     .1793889630E-04     .1412597466E-08
     .1281761945E-04     .1908519761E-04     .1575287931E-08
     .1363826788E-04     .2030490085E-04     .1760557016E-08
     .1451145836E-04     .2160270607E-04     .1971242872E-08
     .1544055488E-04     .2298361417E-04     .2210551805E-08
     .1642913683E-04     .2445294627E-04     .2482105698E-08
     .1748101276E-04     .2601636414E-04     .2789994660E-08
     .1860023508E-04     .2767989206E-04     .3138836277E-08
     .1979111565E-04     .2944993998E-04     .3533842410E-08
     .2105824237E-04     .3133332825E-04     .3980894521E-08
     .2240649691E-04     .3333731386E-04     .4486628663E-08
     .2384107349E-04     .3546961839E-04     .5058531415E-08
     .2536749888E-04     .3773845779E-04     .5705048249E-08
     .2699165369E-04     .4015257397E-04     .6435706032E-08
     .2871979506E-04     .4272126849E-04     .7261251629E-08
     .3055858072E-04     .4545443841E-04     .8193808908E-08
     .3251509469E-04     .4836261434E-04     .9247056779E-08
     .3459687452E-04     .5145700109E-04     .1043643139E-07
     .3681194036E-04     .5474952074E-04     .1177935605E-07
     .3916882585E-04     .5825285860E-04     .1329550320E-07
     .4167661100E-04     .6198051208E-04     .1500709317E-07
     .4434495716E-04     .6594684263E-04     .1693923580E-07
     .4718414426E-04     .7016713110E-04     .1912032131E-07
     .5020511039E-04     .7465763658E-04     .2158246843E-07
     .5341949396E-04     .7943565903E-04     .2436203880E-07
     .5683967853E-04     .8451960594E-04     .2750022761E-07
     .6047884051E-04     .8992906321E-04     .3104374222E-07
     .6435099993E-04     .9568487063E-04     .3504558117E-07
     .6847107446E-04     .1018092022E-03     .3956592685E-07
     .7285493688E-04     .1083256514E-03     .4467316510E-07
     .7751947622E-04     .1152593225E-03     .5044504370E-07
     .8248266281E-04     .1226369266E-03     .5696997852E-07
     .8776361756E-04     .1304868854E-03     .6434850905E-07
     .9338268558E-04     .1388394400E-03     .7269489395E-07
     .9936151458E-04     .1477267680E-03     .8213881739E-07
     .1057231383E-03     .1571831071E-03     .9282714944E-07
     .1124920651E-03     .1672448874E-03     .1049261241E-06
     .1196943727E-03     .1779508718E-03     .1186232589E-06
     .1273578082E-03     .1893423051E-03     .1341300806E-06
     .1355118953E-03     .2014630730E-03     .1516863494E-06
     .1441880481E-03     .2143598712E-03     .1715636151E-06
     .1534196919E-03     .2280823849E-03     .1940693450E-06
     .1632423918E-03     .2426834807E-03     .2195516408E-06
     .1736939905E-03     .2582194099E-03     .2484045725E-06
     .1848147530E-03     .2747500253E-03     .2810742231E-06
     .1966475226E-03     .2923390120E-03     .3180655426E-06
     .2092378856E-03     .3110541324E-03     .3599501157E-06
     .2226343470E-03     .3309674875E-03     .4073749642E-06
     .2368885172E-03     .3521557946E-03     .4610725169E-06
     .2520553110E-03     .3747006827E-03     .5218719022E-06
     .2681931592E-03     .3986890071E-03     .5907117353E-06
     .2853642335E-03     .4242131842E-03     .6686545965E-06
     .3036346864E-03     .4513715472E-03     .7569034228E-06
     .3230749055E-03     .4802687252E-03     .8568200663E-06
     .3437597852E-03     .5110160461E-03     .9699463035E-06
     .3657690149E-03     .5437319655E-03     .1098027621E-05
     .3891873861E-03     .5785425232E-03     .1243040144E-05
     .4141051192E-03     .6155818289E-03     .1407221121E-05
     .4406182108E-03     .6549925785E-03     .1593103440E-05
     .4688288038E-03     .6969266039E-03     .1803554700E-05
     .4988455808E-03     .7415454585E-03     .2041821451E-05
     .5307841828E-03     .7890210388E-03     .2311579278E-05
     .5647676547E-03     .8395362472E-03     .2616989437E-05
     .6009269193E-03     .8932856965E-03     .2962763076E-05
     .6394012818E-03     .9504764598E-03     .3354233932E-05
     .6803389664E-03     .1011328868E-02     .3797440603E-05
     .7238976874E-03     .1076077359E-02     .4299219687E-05
     .7702452567E-03     .1144971381E-02     .4867311238E-05
     .8195602303E-03     .1218276353E-02     .5510478150E-05
     .8720325966E-03     .1296274688E-02     .6238641316E-05
     .9278645075E-03     .1379266880E-02     .7063032656E-05
     .9872710580E-03     .1467572664E-02     .7996368355E-05
     .1050481115E-02     .1561532245E-02     .9053045002E-05
     .1117738197E-02     .1661507612E-02     .1024936164E-04
     .1189301415E-02     .1767883930E-02     .1160377115E-04
     .1265446471E-02     .1881071025E-02     .1313716486E-04
     .1346466716E-02     .2001504963E-02     .1487319480E-04
     .1432674285E-02     .2129649732E-02     .1683863842E-04
     .1524401295E-02     .2265999025E-02     .1906381162E-04
     .1622001130E-02     .2411078150E-02     .2158303629E-04
     .1725849797E-02     .2565446046E-02     .2443516962E-04
     .1836347377E-02     .2729697443E-02     .2766420337E-04
     .1953919568E-02     .2904465151E-02     .3131994227E-04
     .2079019322E-02     .3090422501E-02     .3545877205E-04
     .2212128591E-02     .3288285937E-02     .4014452895E-04
     .2353760185E-02     .3498817778E-02     .4544948404E-04
     .2504459746E-02     .3722829161E-02     .5145545760E-04
     .2664807849E-02     .3961183161E-02     .5825508062E-04
     .2835422245E-02     .4214798121E-02     .6595322296E-04
     .3016960232E-02     .4484651195E-02     .7466861003E-04
     .3210121194E-02     .4771782113E-02     .8453565303E-04
     .3415649291E-02     .5077297189E-02     .9570652071E-04
     .3634336331E-02     .5402373591E-02     .1083534847E-03
     .3867024814E-02     .5748263879E-02     .1226715743E-03
     .4114611184E-02     .6116300840E-02     .1388815820E-03
     .4378049278E-02     .6507902628E-02     .1572334645E-03
     .4658354003E-02     .6924578235E-02     .1780101939E-03
     .4956605246E-02     .7367933323E-02     .2015321158E-03
     .5273952032E-02     .7839676418E-02     .2281618817E-03
     .5611616956E-02     .8341625507E-02     .2583100329E-03
     .5970900885E-02     .8875715071E-02     .2924413183E-03
     .6353187978E-02     .9444003552E-02     .3310818465E-03
     .6759951013E-02     .1004868132E-01     .3748271771E-03
     .7192757062E-02     .1069207913E-01     .4243514790E-03
     .7653273530E-02     .1137667719E-01     .4804178913E-03
     .8143274578E-02     .1210511469E-01     .5438902475E-03
     .8664647956E-02     .1288020011E-01     .6157463379E-03
     .9219402279E-02     .1370492207E-01     .6970929140E-03
     .9809674763E-02     .1458246092E-01     .7891826586E-03
     .1043773946E-01     .1551620115E-01     .8934333793E-03
     .1110601601E-01     .1650974453E-01     .1011449713E-02
     .1181707899E-01     .1756692411E-01     .1145047662E-02
     .1257366780E-01     .1869181925E-01     .1296282339E-02
     .1337869723E-01     .1988877148E-01     .1467479312E-02
     .1423526868E-01     .2116240156E-01     .1661270034E-02
     .1514668215E-01     .2251762758E-01     .1880631855E-02
     .1611644889E-01     .2395968432E-01     .2128933218E-02
     .1714830497E-01     .2549414386E-01     .2409984670E-02
     .1824622567E-01     .2712693767E-01     .2728096441E-02
     .1941444077E-01     .2886438011E-01     .3088143377E-02
     .2065745087E-01     .3071319361E-01     .3495638156E-02
     .2198004473E-01     .3268053558E-01     .3956813786E-02
     .2338731770E-01     .3477402715E-01     .4478716498E-02
     .2488469135E-01     .3700178406E-01     .5069310268E-02
     .2647793440E-01     .3937244961E-01     .5737594332E-02
     .2817318488E-01     .4189523011E-01     .6493735169E-02
     .2997697381E-01     .4457993288E-01     .7349214566E-02
     .3189625038E-01     .4743700713E-01     .8316995530E-02
     .3393840869E-01     .5047758786E-01     .9411707902E-02
     .3611131623E-01     .5371354326E-01     .1064985566E-01
     .3842334424E-01     .5715752577E-01     .1205004800E-01
     .4088339991E-01     .6082302729E-01     .1363325632E-01
     .4350096071E-01     .6472443896E-01     .1542309924E-01
     .4628611092E-01     .6887711594E-01     .1744615772E-01
     .4924958044E-01     .7329744791E-01     .1973232219E-01
     .5240278618E-01     .7800293578E-01     .2231517317E-01
     .5575787600E-01     .8301227550E-01     .2523239658E-01
     .5932777554E-01     .8834544980E-01     .2852623381E-01
     .6312623800E-01     .9402382893E-01     .3224396589E-01
     .6716789711E-01     .1000702815         .3643842914E-01
     .7146832357E-01     .1065092970         .4116855791E-01
     .7604408495E-01     .1133671213         .4649994675E-01
     .8091280957E-01     .1206719075         .5250542084E-01
     .8609325442E-01     .1284538838         .5926559816E-01
     .9160537740E-01     .1367455411         .6686942068E-01
     .9747041420E-01     .1455818435         .7541462315E-01
     .1037109601         .1550004649         .8500809772E-01
     .1103510572         .1650420547         .9576609924E-01
     .1174162867         .1757505382         .1078142198    
     .1249338676         .1871734545         .1212870409    
     .1329327620         .1993623380         .1363273487    
     .1414437857         .2123731457         .1530847684    
     .1504997279         .2262667360         .1717136452    
     .1601354771         .2411093981         .1923699639    
     .1703881555         .2569734309         .2152070654    
     .1812972618         .2739377616         .2403698926    
     .1929048240         .2920885841         .2679874761    
     .2052555606         .3115199801         .2981633780    
     .2183970535         .3323344584         .3309638527    
     .2323799308         .3546433053         .3664035854    
     .2472580623         .3785665774         .4044290583    
     .2630887665         .4042324742         .4448999042    
     .2799330320         .4317756947         .4875690703    
     .2978557520         .4613341918         .5320632641    
     .3169259747         .4930434827         .5778659791    
     .3372171690         .5270273373         .6243063660    
     .3588075074         .5633832649         .6705581801    
     .3817801680         .6021607862         .7156537434    
     .4062236537         .6433301454         .7585179127    
     .4322321342         .6867391250         .7980258957    
     .4599058085         .7320564465         .8330858481    
     .4893512905         .7787026145         .8627421376    
     .5206820203         .8257740039         .8862881046    
     .5540187009         .8719744680         .9033690856    
     .5894897634         .9155808532         .9140494225    
     .6272318617         .9544819358         .9188140324    
     .6673903989         .9863367470         .9184790361    
     .7101200875         1.008883602         .9140001824    
     .7555855455         1.020377855         .9061966035    
     .8039619308         1.020037584         .8954577355    
     .8554356155         1.008261405         .8815773493    
     .9102049042         .9863478647         .8639257597    
     .9684807982         .9556998947         .8420453632    
     1.030487808         .9173056124         .8160661905    
     1.096464818         .8721248614         .7863443199    
     1.166666008         .8212392248         .7532905395    
     1.241361831         .7658166260         .7173583125    
     1.320840057         .7070743341         .6790312937    
     1.405406877         .6462409908         .6388118610    
     1.495388091         .5845199650         .5972102662    
     1.591130355         .5230552990         .5547345848    
     1.693002519         .4629012926         .5118815366    
     1.801397052         .4049965793         .4691281606    
     1.916731548         .3501433944         .4269242845    
     2.039450338         .2989925896         .3856857359    
     2.170026202         .2520348085         .3457883077    
     2.308962189         .2095980633         .3075625841    
     2.456793556         .1718517255         .2712898452    
     2.614089831         .1388166555         .2371993592    
     2.781457004         .1103808507         .2054674135    
     2.959539865         .8631961401E-01     .1762183795    
     3.149024486         .6631888917E-01     .1495279096    
     3.350640865         .5000011844E-01     .1254279620    
     3.565165738         .3694482028E-01     .1039127058    
     3.793425573         .2671714917E-01     .8494355981E-01
     4.036299749         .1888310873E-01     .6845115422E-01
     4.294723951         .1302594543E-01     .5433295985E-01
     4.569693770         .8758306343E-02     .4244862125E-01
     4.862268539         .5732134368E-02     .3261885243E-01
     5.173575415         .3646290583E-02     .2463294512E-01
     5.504813723         .2250605361E-02     .1826303902E-01
     5.857259573         .1345437299E-02     .1327834225E-01
     6.232270777         .7774731753E-03     .9455400674E-02
     6.631292085         .4333532234E-03     .6585074032E-02
     7.055860743         .2324418823E-03     .4477446796E-02
     7.507612420         .1196337964E-03     .2964900785E-02
     7.988287511         .5884115540E-04     .1905142549E-02
     8.499737838         .2742742710E-04     .1181379492E-02
     9.043933786         .1226433228E-04     .7180423820E-03
     9.622971895         .5210352683E-05     .4237426675E-03
     10.23908293         .2098411115E-05     .2431634831E-03
     10.89464050         .8063374328E-06     .1371907489E-03
     11.59217016         .3174935797E-06     .7959700078E-04
     12.33435917         .1884441566E-06     .5529585503E-04
     13.12406685         .4045455955E-08    -.3729142023E-05
     13.96433559         .3727325297E-09    -.3435885980E-06
     14.85840256         .3281330965E-10    -.3024763916E-07
     15.80971219         .2796909550E-11    -.2578219379E-08
     16.82192945         .2326085601E-12    -.2144209123E-09
     17.89895395         .1896595697E-13    -.1748301006E-10
     19.04493496         .1520821471E-14    -.1401908542E-11
     20.26428745         .1201791742E-15    -.1107823725E-12
     21.56170901         .9371508461E-17    -.8638750839E-14
     22.94219802         .7217284880E-18    -.6652965856E-15
     24.41107287         .5491583590E-19    -.5062197035E-16
     25.97399248         .4128582907E-20    -.3805769285E-17
     27.63697807         .3065889147E-21    -.2826167479E-18
     29.40643634         .2247399782E-22    -.2071675743E-19
     31.28918424         .1624457056E-23    -.1497440867E-20
     33.29247512         .1155972008E-24    -.1065586634E-21
     35.42402675         .8079672120E-26    -.7447923095E-23
     37.69205103         .5528273188E-27    -.5096017875E-24
     40.10528564         .3684383479E-28    -.3396301780E-25
     42.67302765         .2373241363E-29    -.2187677779E-26
     45.40516941         .1458406351E-30    -.1344373656E-27
     48.31223663         .8345797895E-32    -.7693240513E-29
     51.40542891         .4214024854E-33    -.3884530532E-30
     54.69666290         .1575593957E-34    -.1452398371E-31
&END   
