&ATOM  
 Z  =   32
 ZV =    4
 XC = 1100        .666667
 TYPE = NORMCONSERVING BHS
&END   
&INFO  
    ============================================================
    |    GERMANIUM SGS PSEUDOPOTENTIAL                         |
    ============================================================
&END  
&POTENTIAL
    BHS
              2.9459    2.1700   -1.9459     .8600
              1.8600       36884.8817916       -3696.3408789
              2.2300     1058321.2241923      -80628.9691747
              2.3400    -1095195.4991620      -49783.9231358
              1.8600        2776.2272544        -405.8108131
              2.3700        3222.5693248       -2648.2830340
              2.8100       -5988.6657087        -987.6209385
              1.3500      -76486.3709192        3868.7327433
              1.5200     -204378.8795688       28664.8353349
              1.6300      280874.9296130       11366.4711315
&END 
&WAVEFUNCTION
       268      1.050000000
        .3125000E-03        .1110678E-03        .2671730E-07
        .3281250E-03        .1166212E-03        .2945582E-07
        .3445312E-03        .1224523E-03        .3247504E-07
        .3617578E-03        .1285749E-03        .3580372E-07
        .3798456E-03        .1350036E-03        .3947361E-07
        .3988379E-03        .1417538E-03        .4351966E-07
        .4187798E-03        .1488415E-03        .4798043E-07
        .4397187E-03        .1562835E-03        .5289843E-07
        .4617046E-03        .1640977E-03        .5832053E-07
        .4847899E-03        .1723026E-03        .6429839E-07
        .5090293E-03        .1809177E-03        .7088899E-07
        .5344808E-03        .1899636E-03        .7815512E-07
        .5612048E-03        .1994618E-03        .8616603E-07
        .5892650E-03        .2094349E-03        .9499806E-07
        .6187282E-03        .2199066E-03        .1047354E-06
        .6496646E-03        .2309019E-03        .1154708E-06
        .6821478E-03        .2424470E-03        .1273065E-06
        .7162552E-03        .2545694E-03        .1403555E-06
        .7520679E-03        .2672978E-03        .1547419E-06
        .7896712E-03        .2806627E-03        .1706030E-06
        .8291548E-03        .2946958E-03        .1880898E-06
        .8706125E-03        .3094306E-03        .2073691E-06
        .9141430E-03        .3249022E-03        .2286244E-06
        .9598501E-03        .3411473E-03        .2520585E-06
        .1007843E-02        .3582046E-03        .2778945E-06
        .1058235E-02        .3761149E-03        .3063787E-06
        .1111146E-02        .3949206E-03        .3377826E-06
        .1166704E-02        .4146666E-03        .3724053E-06
        .1225039E-02        .4354000E-03        .4105769E-06
        .1286291E-02        .4571700E-03        .4526611E-06
        .1350605E-02        .4800285E-03        .4990590E-06
        .1418135E-02        .5040299E-03        .5502126E-06
        .1489042E-02        .5292315E-03        .6066095E-06
        .1563494E-02        .5556931E-03        .6687871E-06
        .1641669E-02        .5834778E-03        .7373378E-06
        .1723752E-02        .6126517E-03        .8129151E-06
        .1809940E-02        .6432844E-03        .8962390E-06
        .1900436E-02        .6754486E-03        .9881037E-06
        .1995458E-02        .7092212E-03        .1089385E-05
        .2095231E-02        .7446823E-03        .1201047E-05
        .2199992E-02        .7819165E-03        .1324154E-05
        .2309992E-02        .8210125E-03        .1459880E-05
        .2425491E-02        .8620633E-03        .1609518E-05
        .2546766E-02        .9051667E-03        .1774494E-05
        .2674104E-02        .9504252E-03        .1956380E-05
        .2807809E-02        .9979468E-03        .2156910E-05
        .2948199E-02        .1047844E-02        .2377993E-05
        .3095609E-02        .1100237E-02        .2621738E-05
        .3250390E-02        .1155249E-02        .2890467E-05
        .3412909E-02        .1213012E-02        .3186740E-05
        .3583554E-02        .1273663E-02        .3513382E-05
        .3762732E-02        .1337347E-02        .3873505E-05
        .3950868E-02        .1404215E-02        .4270540E-05
        .4148411E-02        .1474427E-02        .4708272E-05
        .4355832E-02        .1548150E-02        .5190871E-05
        .4573623E-02        .1625558E-02        .5722938E-05
        .4802304E-02        .1706838E-02        .6309541E-05
        .5042419E-02        .1792181E-02        .6956271E-05
        .5294540E-02        .1881792E-02        .7669292E-05
        .5559266E-02        .1975884E-02        .8455398E-05
        .5837230E-02        .2074681E-02        .9322080E-05
        .6129091E-02        .2178418E-02        .1027760E-04
        .6435545E-02        .2287343E-02        .1133106E-04
        .6757322E-02        .2401714E-02        .1249250E-04
        .7095188E-02        .2521805E-02        .1377299E-04
        .7449947E-02        .2647901E-02        .1518473E-04
        .7822444E-02        .2780302E-02        .1674117E-04
        .8213566E-02        .2919325E-02        .1845716E-04
        .8624243E-02        .3065300E-02        .2034903E-04
        .9055455E-02        .3218575E-02        .2243483E-04
        .9508228E-02        .3379515E-02        .2473442E-04
        .9983638E-02        .3548505E-02        .2726973E-04
        .1048282E-01        .3725946E-02        .3006491E-04
        .1100696E-01        .3912262E-02        .3314660E-04
        .1155731E-01        .4107896E-02        .3654418E-04
        .1213517E-01        .4313315E-02        .4029001E-04
        .1274193E-01        .4529009E-02        .4441981E-04
        .1337903E-01        .4755493E-02        .4897293E-04
        .1404798E-01        .4993305E-02        .5399276E-04
        .1475038E-01        .5243015E-02        .5952714E-04
        .1548789E-01        .5505217E-02        .6562882E-04
        .1626229E-01        .5780537E-02        .7235596E-04
        .1707540E-01        .6069632E-02        .7977267E-04
        .1792917E-01        .6373193E-02        .8794963E-04
        .1882563E-01        .6691945E-02        .9696479E-04
        .1976691E-01        .7026649E-02        .1069041E-03
        .2075525E-01        .7378105E-02        .1178622E-03
        .2179301E-01        .7747153E-02        .1299437E-03
        .2288266E-01        .8134676E-02        .1432636E-03
        .2402680E-01        .8541601E-02        .1579490E-03
        .2522814E-01        .8968903E-02        .1741398E-03
        .2648954E-01        .9417604E-02        .1919903E-03
        .2781402E-01        .9888781E-02        .2116709E-03
        .2920472E-01        .1038356E-01        .2333689E-03
        .3066495E-01        .1090314E-01        .2572915E-03
        .3219820E-01        .1144876E-01        .2836666E-03
        .3380811E-01        .1202173E-01        .3127457E-03
        .3549851E-01        .1262343E-01        .3448061E-03
        .3727343E-01        .1325532E-01        .3801535E-03
        .3913710E-01        .1391891E-01        .4191251E-03
        .4109396E-01        .1461582E-01        .4620925E-03
        .4314865E-01        .1534772E-01        .5094656E-03
        .4530608E-01        .1611639E-01        .5616963E-03
        .4757138E-01        .1692369E-01        .6192828E-03
        .4994995E-01        .1777159E-01        .6827747E-03
        .5244745E-01        .1866216E-01        .7527778E-03
        .5506982E-01        .1959758E-01        .8299602E-03
        .5782330E-01        .2058012E-01        .9150586E-03
        .6071447E-01        .2161221E-01        .1008886E-02
        .6375019E-01        .2269639E-01        .1112337E-02
        .6693769E-01        .2383534E-01        .1226400E-02
        .7028457E-01        .2503189E-01        .1352166E-02
        .7379880E-01        .2628902E-01        .1490835E-02
        .7748874E-01        .2760987E-01        .1643733E-02
        .8136317E-01        .2899777E-01        .1812322E-02
        .8543132E-01        .3045623E-01        .1998214E-02
        .8970289E-01        .3198896E-01        .2203186E-02
        .9418803E-01        .3359988E-01        .2429202E-02
        .9889742E-01        .3529314E-01        .2678423E-02
        .1038423E+00        .3707315E-01        .2953237E-02
        .1090344E+00        .3894456E-01        .3256278E-02
        .1144861E+00        .4091231E-01        .3590451E-02
        .1202104E+00        .4298167E-01        .3958960E-02
        .1262209E+00        .4515821E-01        .4365342E-02
        .1325320E+00        .4744785E-01        .4813500E-02
        .1391586E+00        .4985693E-01        .5307740E-02
        .1461165E+00        .5239218E-01        .5852816E-02
        .1534223E+00        .5506078E-01        .6453972E-02
        .1610934E+00        .5787043E-01        .7116997E-02
        .1691481E+00        .6082935E-01        .7848283E-02
        .1776055E+00        .6394635E-01        .8654882E-02
        .1864857E+00        .6723087E-01        .9544584E-02
        .1958100E+00        .7069309E-01        .1052598E-01
        .2056005E+00        .7434393E-01        .1160857E-01
        .2158805E+00        .7819516E-01        .1280283E-01
        .2266745E+00        .8225951E-01        .1412032E-01
        .2380082E+00        .8655070E-01        .1557383E-01
        .2499086E+00        .9108362E-01        .1717744E-01
        .2624041E+00        .9587439E-01        .1894672E-01
        .2755243E+00        .1009405E+00        .2089884E-01
        .2893005E+00        .1063010E+00        .2305276E-01
        .3037655E+00        .1119766E+00        .2542939E-01
        .3189537E+00        .1179898E+00        .2805177E-01
        .3349014E+00        .1243652E+00        .3094532E-01
        .3516465E+00        .1311297E+00        .3413802E-01
        .3692288E+00        .1383126E+00        .3766067E-01
        .3876902E+00        .1459459E+00        .4154715E-01
        .4070747E+00        .1540646E+00        .4583465E-01
        .4274284E+00        .1627070E+00        .5056399E-01
        .4487998E+00        .1719148E+00        .5577984E-01
        .4712397E+00        .1817335E+00        .6153100E-01
        .4948017E+00        .1922127E+00        .6787068E-01
        .5195418E+00        .2034062E+00        .7485664E-01
        .5455188E+00        .2153723E+00        .8255140E-01
        .5727948E+00        .2281737E+00        .9102228E-01
        .6014345E+00        .2418777E+00        .1003413E+00
        .6315062E+00        .2565558E+00        .1105850E+00
        .6630814E+00        .2722831E+00        .1218338E+00
        .6962355E+00        .2891374E+00        .1341713E+00
        .7310472E+00        .3071977E+00        .1476828E+00
        .7675995E+00        .3265416E+00        .1624535E+00
        .8059795E+00        .3472424E+00        .1785659E+00
        .8462784E+00        .3693636E+00        .1960962E+00
        .8885923E+00        .3929530E+00        .2151094E+00
        .9330219E+00        .4180329E+00        .2356538E+00
        .9796729E+00        .4445888E+00        .2577532E+00
        .1028657E+01        .4725541E+00        .2813979E+00
        .1080089E+01        .5017908E+00        .3065343E+00
        .1134094E+01        .5320669E+00        .3330525E+00
        .1190798E+01        .5630321E+00        .3607736E+00
        .1250338E+01        .5941919E+00        .3894368E+00
        .1312855E+01        .6248877E+00        .4186886E+00
        .1378498E+01        .6542881E+00        .4480769E+00
        .1447423E+01        .6814000E+00        .4770532E+00
        .1519794E+01        .7051101E+00        .5049882E+00
        .1595783E+01        .7242599E+00        .5312007E+00
        .1675572E+01        .7377541E+00        .5550027E+00
        .1759351E+01        .7446862E+00        .5757536E+00
        .1847318E+01        .7444584E+00        .5929147E+00
        .1939684E+01        .7368621E+00        .6060917E+00
        .2036668E+01        .7220967E+00        .6150549E+00
        .2138502E+01        .7007197E+00        .6197325E+00
        .2245427E+01        .6735445E+00        .6201824E+00
        .2357698E+01        .6415200E+00        .6165539E+00
        .2475583E+01        .6056262E+00        .6090524E+00
        .2599362E+01        .5668065E+00        .5979154E+00
        .2729330E+01        .5259391E+00        .5834017E+00
        .2865796E+01        .4838321E+00        .5657894E+00
        .3009086E+01        .4412312E+00        .5453772E+00
        .3159540E+01        .3988206E+00        .5224850E+00
        .3317516E+01        .3572212E+00        .4974530E+00
        .3483392E+01        .3169848E+00        .4706371E+00
        .3657562E+01        .2785869E+00        .4424052E+00
        .3840439E+01        .2424212E+00        .4131301E+00
        .4032461E+01        .2087956E+00        .3831861E+00
        .4234084E+01        .1779319E+00        .3529409E+00
        .4445788E+01        .1499668E+00        .3227506E+00
        .4668077E+01        .1249567E+00        .2929537E+00
        .4901481E+01        .1028842E+00        .2638655E+00
        .5146555E+01        .8366618E-01        .2357733E+00
        .5403882E+01        .6716435E-01        .2089312E+00
        .5674076E+01        .5319577E-01        .1835564E+00
        .5957780E+01        .4154452E-01        .1598257E+00
        .6255668E+01        .3197310E-01        .1378739E+00
        .6568452E+01        .2423331E-01        .1177921E+00
        .6896874E+01        .1807620E-01        .9962852E-01
        .7241717E+01        .1326062E-01        .8338996E-01
        .7603803E+01        .9560143E-02        .6904456E-01
        .7983992E+01        .6768249E-02        .5652598E-01
        .8383192E+01        .4701661E-02        .4573836E-01
        .8802351E+01        .3202028E-02        .3656210E-01
        .9242468E+01        .2136071E-02        .2886000E-01
        .9704591E+01        .1394514E-02        .2248353E-01
        .1018982E+02        .8900737E-03        .1727882E-01
        .1069931E+02        .5548590E-03        .1309221E-01
        .1123428E+02        .3374636E-03        .9774995E-02
        .1179599E+02        .2000174E-03        .7187315E-02
        .1238579E+02        .1153948E-03        .5201035E-02
        .1300508E+02        .6471929E-04        .3701651E-02
        .1365533E+02        .3523954E-04        .2589256E-02
        .1433810E+02        .1860206E-04        .1778687E-02
        .1505500E+02        .9505517E-05        .1198998E-02
        .1580775E+02        .4694447E-05        .7924268E-03
        .1659814E+02        .2236951E-05        .5130076E-03
        .1742804E+02        .1026638E-05        .3250047E-03
        .1829944E+02        .4529466E-06        .2012831E-03
        .1921441E+02        .1917241E-06        .1217305E-03
        .2017513E+02        .7769407E-07        .7180595E-04
        .2118389E+02        .3007508E-07        .4126235E-04
        .2224308E+02        .1109458E-07        .2306802E-04
        .2335524E+02        .3890351E-08        .1252933E-04
        .2452300E+02        .1293472E-08        .6601947E-05
        .2574915E+02        .4059791E-09        .3369549E-05
        .2703660E+02        .1194040E-09        .1663103E-05
        .2838843E+02        .0000000E+00        .7924377E-06
        .2980785E+02        .0000000E+00        .3638493E-06
        .3129824E+02        .0000000E+00        .1606741E-06
        .3286315E+02        .0000000E+00        .6810306E-07
        .3450631E+02        .0000000E+00        .2763457E-07
        .3623162E+02        .0000000E+00        .1070081E-07
        .3804320E+02        .0000000E+00        .0000000E+00
        .3994536E+02        .0000000E+00        .0000000E+00
        .4194263E+02        .0000000E+00        .0000000E+00
        .4403975E+02        .0000000E+00        .0000000E+00
        .4624174E+02        .0000000E+00        .0000000E+00
        .4855383E+02        .0000000E+00        .0000000E+00
        .5098151E+02        .0000000E+00        .0000000E+00
        .5353059E+02        .0000000E+00        .0000000E+00
        .5620711E+02        .0000000E+00        .0000000E+00
        .5901747E+02        .0000000E+00        .0000000E+00
        .6196834E+02        .0000000E+00        .0000000E+00
        .6506675E+02        .0000000E+00        .0000000E+00
        .6832009E+02        .0000000E+00        .0000000E+00
        .7173609E+02        .0000000E+00        .0000000E+00
        .7532289E+02        .0000000E+00        .0000000E+00
        .7908903E+02        .0000000E+00        .0000000E+00
        .8304348E+02        .0000000E+00        .0000000E+00
        .8719565E+02        .0000000E+00        .0000000E+00
        .9155543E+02        .0000000E+00        .0000000E+00
        .9613319E+02        .0000000E+00        .0000000E+00
        .1009398E+03        .0000000E+00        .0000000E+00
        .1059868E+03        .0000000E+00        .0000000E+00
        .1112862E+03        .0000000E+00        .0000000E+00
        .1168505E+03        .0000000E+00        .0000000E+00
        .1226930E+03        .0000000E+00        .0000000E+00
        .1288276E+03        .0000000E+00        .0000000E+00
        .1352690E+03        .0000000E+00        .0000000E+00
        .1420325E+03        .0000000E+00        .0000000E+00
&END
