&ATOM
 Z  =    1
 ZV =    1
 XC = 1312        .666667
 TYPE = NORMCONSERVING CAR
&END
&INFO
Hydrogen  1s1  BLYP rc=0.94
&END
&POTENTIAL
    CAR
              0.25
   0.2829559 -1.961599 .405181
&END
&WAVEFUNCTION 
   511 CHANNELS=1 
  .62500000E-02       .29278464E-02  .31378448E-04
  .63593750E-02       .29790837E-02  .32486304E-04
  .64706641E-02       .30312177E-02  .33633273E-04
  .65839007E-02       .30842640E-02  .34820738E-04
  .66991189E-02       .31382384E-02  .36050126E-04
  .68163535E-02       .31931567E-02  .37322911E-04
  .69356397E-02       .32490354E-02  .38640629E-04
  .70570134E-02       .33058914E-02  .40004863E-04
  .71805111E-02       .33637417E-02  .41417256E-04
  .73061701E-02       .34226036E-02  .42879509E-04
  .74340281E-02       .34824949E-02  .44393380E-04
  .75641236E-02       .35434334E-02  .45960692E-04
  .76964957E-02       .36054376E-02  .47583332E-04
  .78311844E-02       .36685259E-02  .49263251E-04
  .79682301E-02       .37327173E-02  .51002472E-04
  .81076741E-02       .37980311E-02  .52803088E-04
  .82495584E-02       .38644868E-02  .54667266E-04
  .83939257E-02       .39321044E-02  .56597250E-04
  .85408194E-02       .40009042E-02  .58595361E-04
  .86902838E-02       .40709067E-02  .60664004E-04
  .88423637E-02       .41421330E-02  .62805669E-04
  .89971051E-02       .42146045E-02  .65022933E-04
  .91545544E-02       .42883427E-02  .67318464E-04
  .93147591E-02       .43633699E-02  .69695024E-04
  .94777674E-02       .44397084E-02  .72155473E-04
  .96436283E-02       .45173813E-02  .74702771E-04
  .98123918E-02       .45964116E-02  .77339983E-04
  .99841087E-02       .46768232E-02  .80070283E-04
  .10158831E-01       .47586400E-02  .82896955E-04
  .10336610E-01       .48418865E-02  .85823400E-04
  .10517501E-01       .49265877E-02  .88853139E-04
  .10701557E-01       .50127689E-02  .91989818E-04
  .10888834E-01       .51004559E-02  .95237209E-04
  .11079389E-01       .51896749E-02  .98599219E-04
  .11273278E-01       .52804526E-02  .10207989E-03
  .11470561E-01       .53728161E-02  .10568342E-03
  .11671295E-01       .54667930E-02  .10941413E-03
  .11875543E-01       .55624113E-02  .11327651E-03
  .12083365E-01       .56596998E-02  .11727521E-03
  .12294824E-01       .57586873E-02  .12141504E-03
  .12509983E-01       .58594035E-02  .12570097E-03
  .12728908E-01       .59618784E-02  .13013817E-03
  .12951664E-01       .60661426E-02  .13473197E-03
  .13178318E-01       .61722272E-02  .13948789E-03
  .13408939E-01       .62801638E-02  .14441165E-03
  .13643595E-01       .63899846E-02  .14950917E-03
  .13882358E-01       .65017223E-02  .15478658E-03
  .14125299E-01       .66154101E-02  .16025023E-03
  .14372492E-01       .67310821E-02  .16590669E-03
  .14624011E-01       .68487724E-02  .17176275E-03
  .14879931E-01       .69685163E-02  .17782546E-03
  .15140330E-01       .70903492E-02  .18410211E-03
  .15405285E-01       .72143075E-02  .19060023E-03
  .15674878E-01       .73404279E-02  .19732765E-03
  .15949188E-01       .74687478E-02  .20429244E-03
  .16228299E-01       .75993055E-02  .21150298E-03
  .16512294E-01       .77321396E-02  .21896793E-03
  .16801259E-01       .78672894E-02  .22669626E-03
  .17095281E-01       .80047952E-02  .23469726E-03
  .17394449E-01       .81446976E-02  .24298055E-03
  .17698852E-01       .82870379E-02  .25155607E-03
  .18008582E-01       .84318585E-02  .26043412E-03
  .18323732E-01       .85792019E-02  .26962538E-03
  .18644397E-01       .87291119E-02  .27914088E-03
  .18970674E-01       .88816327E-02  .28899205E-03
  .19302661E-01       .90368093E-02  .29919072E-03
  .19640457E-01       .91946874E-02  .30974913E-03
  .19984165E-01       .93553136E-02  .32067997E-03
  .20333888E-01       .95187352E-02  .33199636E-03
  .20689731E-01       .96850003E-02  .34371189E-03
  .21051802E-01       .98541578E-02  .35584061E-03
  .21420208E-01       .10026257E-01  .36839708E-03
  .21795062E-01       .10201349E-01  .38139638E-03
  .22176475E-01       .10379485E-01  .39485410E-03
  .22564564E-01       .10560717E-01  .40878638E-03
  .22959444E-01       .10745099E-01  .42320995E-03
  .23361234E-01       .10932683E-01  .43814210E-03
  .23770055E-01       .11123525E-01  .45360075E-03
  .24186031E-01       .11317681E-01  .46960442E-03
  .24609287E-01       .11515207E-01  .48617231E-03
  .25039950E-01       .11716160E-01  .50332429E-03
  .25478149E-01       .11920600E-01  .52108090E-03
  .25924016E-01       .12128585E-01  .53946344E-03
  .26377687E-01       .12340176E-01  .55849392E-03
  .26839296E-01       .12555434E-01  .57819515E-03
  .27308984E-01       .12774421E-01  .59859073E-03
  .27786891E-01       .12997201E-01  .61970509E-03
  .28273162E-01       .13223838E-01  .64156350E-03
  .28767942E-01       .13454396E-01  .66419213E-03
  .29271381E-01       .13688943E-01  .68761807E-03
  .29783630E-01       .13927546E-01  .71186936E-03
  .30304844E-01       .14170273E-01  .73697501E-03
  .30835178E-01       .14417194E-01  .76296504E-03
  .31374794E-01       .14668378E-01  .78987055E-03
  .31923853E-01       .14923898E-01  .81772369E-03
  .32482520E-01       .15183826E-01  .84655777E-03
  .33050964E-01       .15448236E-01  .87640723E-03
  .33629356E-01       .15717203E-01  .90730774E-03
  .34217870E-01       .15990803E-01  .93929620E-03
  .34816683E-01       .16269113E-01  .97241081E-03
  .35425975E-01       .16552212E-01  .10066911E-02
  .36045929E-01       .16840178E-01  .10421780E-02
  .36676733E-01       .17133092E-01  .10789137E-02
  .37318576E-01       .17431036E-01  .11169422E-02
  .37971651E-01       .17734093E-01  .11563088E-02
  .38636155E-01       .18042347E-01  .11970603E-02
  .39312287E-01       .18355883E-01  .12392454E-02
  .40000252E-01       .18674788E-01  .12829141E-02
  .40700257E-01       .18999150E-01  .13281187E-02
  .41412511E-01       .19329056E-01  .13749127E-02
  .42137230E-01       .19664598E-01  .14233519E-02
  .42874632E-01       .20005867E-01  .14734938E-02
  .43624938E-01       .20352954E-01  .15253981E-02
  .44388374E-01       .20705955E-01  .15791264E-02
  .45165171E-01       .21064963E-01  .16347424E-02
  .45955561E-01       .21430074E-01  .16923122E-02
  .46759784E-01       .21801387E-01  .17519041E-02
  .47578080E-01       .22178999E-01  .18135886E-02
  .48410696E-01       .22563011E-01  .18774388E-02
  .49257883E-01       .22953522E-01  .19435305E-02
  .50119896E-01       .23350636E-01  .20119416E-02
  .50996995E-01       .23754455E-01  .20827532E-02
  .51889442E-01       .24165083E-01  .21560490E-02
  .52797507E-01       .24582627E-01  .22319154E-02
  .53721464E-01       .25007193E-01  .23104421E-02
  .54661589E-01       .25438888E-01  .23917217E-02
  .55618167E-01       .25877822E-01  .24758498E-02
  .56591485E-01       .26324104E-01  .25629257E-02
  .57581836E-01       .26777846E-01  .26530517E-02
  .58589518E-01       .27239158E-01  .27463339E-02
  .59614835E-01       .27708155E-01  .28428818E-02
  .60658094E-01       .28184950E-01  .29428086E-02
  .61719611E-01       .28669658E-01  .30462317E-02
  .62799704E-01       .29162394E-01  .31532722E-02
  .63898699E-01       .29663275E-01  .32640553E-02
  .65016926E-01       .30172418E-01  .33787106E-02
  .66154722E-01       .30689942E-01  .34973719E-02
  .67312430E-01       .31215965E-01  .36201778E-02
  .68490398E-01       .31750605E-01  .37472714E-02
  .69688980E-01       .32293984E-01  .38788006E-02
  .70908537E-01       .32846221E-01  .40149183E-02
  .72149436E-01       .33407437E-01  .41557826E-02
  .73412051E-01       .33977753E-01  .43015569E-02
  .74696762E-01       .34557291E-01  .44524101E-02
  .76003955E-01       .35146171E-01  .46085165E-02
  .77334025E-01       .35744516E-01  .47700566E-02
  .78687370E-01       .36352446E-01  .49372166E-02
  .80064399E-01       .36970084E-01  .51101890E-02
  .81465526E-01       .37597550E-01  .52891728E-02
  .82891173E-01       .38234965E-01  .54743733E-02
  .84341768E-01       .38882449E-01  .56660028E-02
  .85817749E-01       .39540121E-01  .58642806E-02
  .87319560E-01       .40208100E-01  .60694330E-02
  .88847652E-01       .40886505E-01  .62816940E-02
  .90402486E-01       .41575451E-01  .65013049E-02
  .91984530E-01       .42275054E-01  .67285152E-02
  .93594259E-01       .42985428E-01  .69635822E-02
  .95232158E-01       .43706684E-01  .72067719E-02
  .96898721E-01       .44438934E-01  .74583585E-02
  .98594449E-01       .45182286E-01  .77186253E-02
  .10031985E+00       .45936845E-01  .79878646E-02
  .10207545E+00       .46702716E-01  .82663781E-02
  .10386177E+00       .47479998E-01  .85544770E-02
  .10567935E+00       .48268790E-01  .88524825E-02
  .10752874E+00       .49069186E-01  .91607260E-02
  .10941049E+00       .49881277E-01  .94795494E-02
  .11132518E+00       .50705150E-01  .98093051E-02
  .11327337E+00       .51540888E-01  .10150357E-01
  .11525565E+00       .52388570E-01  .10503080E-01
  .11727262E+00       .53248270E-01  .10867860E-01
  .11932489E+00       .54120056E-01  .11245096E-01
  .12141308E+00       .55003992E-01  .11635200E-01
  .12353781E+00       .55900135E-01  .12038595E-01
  .12569972E+00       .56808538E-01  .12455716E-01
  .12789947E+00       .57729245E-01  .12887015E-01
  .13013771E+00       .58662294E-01  .13332954E-01
  .13241512E+00       .59607718E-01  .13794012E-01
  .13473238E+00       .60565539E-01  .14270679E-01
  .13709020E+00       .61535774E-01  .14763463E-01
  .13948928E+00       .62518429E-01  .15272886E-01
  .14193034E+00       .63513503E-01  .15799484E-01
  .14441412E+00       .64520986E-01  .16343811E-01
  .14694137E+00       .65540858E-01  .16906438E-01
  .14951284E+00       .66573089E-01  .17487949E-01
  .15212932E+00       .67617639E-01  .18088950E-01
  .15479158E+00       .68674458E-01  .18710060E-01
  .15750043E+00       .69743484E-01  .19351920E-01
  .16025669E+00       .70824645E-01  .20015189E-01
  .16306118E+00       .71917857E-01  .20700542E-01
  .16591475E+00       .73023024E-01  .21408677E-01
  .16881826E+00       .74140038E-01  .22140312E-01
  .17177258E+00       .75268780E-01  .22896184E-01
  .17477860E+00       .76409118E-01  .23677052E-01
  .17783722E+00       .77560908E-01  .24483698E-01
  .18094938E+00       .78723992E-01  .25316925E-01
  .18411599E+00       .79898202E-01  .26177561E-01
  .18733802E+00       .81083357E-01  .27066457E-01
  .19061644E+00       .82279264E-01  .27984489E-01
  .19395222E+00       .83485718E-01  .28932560E-01
  .19734639E+00       .84702502E-01  .29911597E-01
  .20079995E+00       .85929390E-01  .30922556E-01
  .20431395E+00       .87166144E-01  .31966421E-01
  .20788944E+00       .88412518E-01  .33044206E-01
  .21152751E+00       .89668256E-01  .34156956E-01
  .21522924E+00       .90933094E-01  .35305744E-01
  .21899575E+00       .92206762E-01  .36491680E-01
  .22282818E+00       .93488984E-01  .37715907E-01
  .22672767E+00       .94779481E-01  .38979602E-01
  .23069540E+00       .96077968E-01  .40283981E-01
  .23473257E+00       .97384162E-01  .41630295E-01
  .23884039E+00       .98697779E-01  .43019838E-01
  .24302010E+00       .10001854E+00  .44453943E-01
  .24727295E+00       .10134616E+00  .45933988E-01
  .25160023E+00       .10268038E+00  .47461393E-01
  .25600323E+00       .10402092E+00  .49037626E-01
  .26048329E+00       .10536754E+00  .50664201E-01
  .26504175E+00       .10671999E+00  .52342683E-01
  .26967998E+00       .10807805E+00  .54074685E-01
  .27439938E+00       .10944150E+00  .55861875E-01
  .27920136E+00       .11081016E+00  .57705973E-01
  .28408739E+00       .11218383E+00  .59608752E-01
  .28905892E+00       .11356238E+00  .61572043E-01
  .29411745E+00       .11494565E+00  .63597731E-01
  .29926450E+00       .11633354E+00  .65687758E-01
  .30450163E+00       .11772595E+00  .67844124E-01
  .30983041E+00       .11912280E+00  .70068884E-01
  .31525244E+00       .12052403E+00  .72364151E-01
  .32076936E+00       .12192959E+00  .74732092E-01
  .32638283E+00       .12333946E+00  .77174931E-01
  .33209453E+00       .12475360E+00  .79694943E-01
  .33790618E+00       .12617199E+00  .82294458E-01
  .34381954E+00       .12759457E+00  .84975858E-01
  .34983638E+00       .12902132E+00  .87741577E-01
  .35595852E+00       .13045214E+00  .90594101E-01
  .36218779E+00       .13188693E+00  .93535969E-01
  .36852608E+00       .13332553E+00  .96569774E-01
  .37497528E+00       .13476774E+00  .99698172E-01
  .38153735E+00       .13621327E+00  .10292388E+00
  .38821425E+00       .13766178E+00  .10624969E+00
  .39500800E+00       .13911281E+00  .10967847E+00
  .40192064E+00       .14056582E+00  .11321318E+00
  .40895425E+00       .14202017E+00  .11685688E+00
  .41611095E+00       .14347512E+00  .12061270E+00
  .42339290E+00       .14492983E+00  .12448390E+00
  .43080227E+00       .14638337E+00  .12847377E+00
  .43834131E+00       .14783471E+00  .13258574E+00
  .44601228E+00       .14928281E+00  .13682329E+00
  .45381750E+00       .15072659E+00  .14119002E+00
  .46175931E+00       .15216495E+00  .14568961E+00
  .46984009E+00       .15359687E+00  .15032584E+00
  .47806229E+00       .15502139E+00  .15510259E+00
  .48642838E+00       .15643759E+00  .16002385E+00
  .49494088E+00       .15784466E+00  .16509368E+00
  .50360235E+00       .15924175E+00  .17031630E+00
  .51241539E+00       .16062802E+00  .17569600E+00
  .52138266E+00       .16200259E+00  .18123719E+00
  .53050685E+00       .16336457E+00  .18694442E+00
  .53979072E+00       .16471306E+00  .19282231E+00
  .54923706E+00       .16604714E+00  .19887566E+00
  .55884871E+00       .16736587E+00  .20510936E+00
  .56862856E+00       .16866830E+00  .21152843E+00
  .57857956E+00       .16995346E+00  .21813803E+00
  .58870470E+00       .17122038E+00  .22494346E+00
  .59900704E+00       .17246804E+00  .23195015E+00
  .60948966E+00       .17369544E+00  .23916370E+00
  .62015573E+00       .17490157E+00  .24658982E+00
  .63100845E+00       .17608537E+00  .25423440E+00
  .64205110E+00       .17724581E+00  .26210349E+00
  .65328700E+00       .17838182E+00  .27020328E+00
  .66471952E+00       .17949234E+00  .27854017E+00
  .67635211E+00       .18057629E+00  .28712068E+00
  .68818827E+00       .18163258E+00  .29595156E+00
  .70023157E+00       .18266013E+00  .30503972E+00
  .71248562E+00       .18365782E+00  .31439226E+00
  .72495412E+00       .18462456E+00  .32401649E+00
  .73764082E+00       .18555924E+00  .33391994E+00
  .75054953E+00       .18646075E+00  .34411032E+00
  .76368415E+00       .18732797E+00  .35459558E+00
  .77704862E+00       .18815979E+00  .36538391E+00
  .79064697E+00       .18895509E+00  .37648372E+00
  .80448329E+00       .18971278E+00  .38790369E+00
  .81856175E+00       .19043173E+00  .39965274E+00
  .83288658E+00       .19111085E+00  .41174007E+00
  .84746209E+00       .19174904E+00  .42417516E+00
  .86229268E+00       .19234522E+00  .43696776E+00
  .87738280E+00       .19289830E+00  .45012797E+00
  .89273700E+00       .19340723E+00  .46366617E+00
  .90835990E+00       .19387094E+00  .47759309E+00
  .92425620E+00       .19428840E+00  .49191979E+00
  .94043068E+00       .19465859E+00  .50665772E+00
  .95688822E+00       .19498051E+00  .52181869E+00
  .97363376E+00       .19525316E+00  .53741492E+00
  .99067235E+00       .19547558E+00  .55345903E+00
  .10080091E+01       .19564685E+00  .56996409E+00
  .10256493E+01       .19576604E+00  .58694365E+00
  .10435981E+01       .19583226E+00  .00000000E+00
  .10618611E+01       .19584468E+00  .00000000E+00
  .10804437E+01       .19580245E+00  .00000000E+00
  .10993514E+01       .19570479E+00  .00000000E+00
  .11185901E+01       .19555094E+00  .00000000E+00
  .11381654E+01       .19534018E+00  .00000000E+00
  .11580833E+01       .19507185E+00  .00000000E+00
  .11783498E+01       .19474529E+00  .00000000E+00
  .11989709E+01       .19435991E+00  .00000000E+00
  .12199529E+01       .19391517E+00  .00000000E+00
  .12413021E+01       .19341057E+00  .00000000E+00
  .12630248E+01       .19284565E+00  .00000000E+00
  .12851278E+01       .19222001E+00  .00000000E+00
  .13076175E+01       .19153331E+00  .00000000E+00
  .13305008E+01       .19078525E+00  .00000000E+00
  .13537846E+01       .18997560E+00  .00000000E+00
  .13774758E+01       .18910419E+00  .00000000E+00
  .14015816E+01       .18817089E+00  .00000000E+00
  .14261093E+01       .18717566E+00  .00000000E+00
  .14510662E+01       .18611851E+00  .00000000E+00
  .14764599E+01       .18499951E+00  .00000000E+00
  .15022979E+01       .18381881E+00  .00000000E+00
  .15285882E+01       .18257662E+00  .00000000E+00
  .15553385E+01       .18127322E+00  .00000000E+00
  .15825569E+01       .17990898E+00  .00000000E+00
  .16102516E+01       .17848431E+00  .00000000E+00
  .16384310E+01       .17699972E+00  .00000000E+00
  .16671036E+01       .17545578E+00  .00000000E+00
  .16962779E+01       .17385315E+00  .00000000E+00
  .17259627E+01       .17219255E+00  .00000000E+00
  .17561671E+01       .17047480E+00  .00000000E+00
  .17869000E+01       .16870076E+00  .00000000E+00
  .18181708E+01       .16687142E+00  .00000000E+00
  .18499888E+01       .16498780E+00  .00000000E+00
  .18823636E+01       .16305103E+00  .00000000E+00
  .19153049E+01       .16106230E+00  .00000000E+00
  .19488228E+01       .15902289E+00  .00000000E+00
  .19829272E+01       .15693416E+00  .00000000E+00
  .20176284E+01       .15479754E+00  .00000000E+00
  .20529369E+01       .15261453E+00  .00000000E+00
  .20888633E+01       .15038673E+00  .00000000E+00
  .21254184E+01       .14811579E+00  .00000000E+00
  .21626132E+01       .14580344E+00  .00000000E+00
  .22004589E+01       .14345150E+00  .00000000E+00
  .22389670E+01       .14106184E+00  .00000000E+00
  .22781489E+01       .13863641E+00  .00000000E+00
  .23180165E+01       .13617720E+00  .00000000E+00
  .23585818E+01       .13368631E+00  .00000000E+00
  .23998570E+01       .13116586E+00  .00000000E+00
  .24418545E+01       .12861805E+00  .00000000E+00
  .24845869E+01       .12604514E+00  .00000000E+00
  .25280672E+01       .12344941E+00  .00000000E+00
  .25723084E+01       .12083323E+00  .00000000E+00
  .26173237E+01       .11819899E+00  .00000000E+00
  .26631269E+01       .11554912E+00  .00000000E+00
  .27097316E+01       .11288609E+00  .00000000E+00
  .27571519E+01       .11021242E+00  .00000000E+00
  .28054021E+01       .10753063E+00  .00000000E+00
  .28544966E+01       .10484327E+00  .00000000E+00
  .29044503E+01       .10215293E+00  .00000000E+00
  .29552782E+01       .99462183E-01  .00000000E+00
  .30069956E+01       .96773621E-01  .00000000E+00
  .30596180E+01       .94089838E-01  .00000000E+00
  .31131613E+01       .91413422E-01  .00000000E+00
  .31676416E+01       .88746952E-01  .00000000E+00
  .32230754E+01       .86092991E-01  .00000000E+00
  .32794792E+01       .83454077E-01  .00000000E+00
  .33368701E+01       .80832724E-01  .00000000E+00
  .33952653E+01       .78231408E-01  .00000000E+00
  .34546824E+01       .75652566E-01  .00000000E+00
  .35151394E+01       .73098590E-01  .00000000E+00
  .35766543E+01       .70571817E-01  .00000000E+00
  .36392458E+01       .68074524E-01  .00000000E+00
  .37029326E+01       .65608928E-01  .00000000E+00
  .37677339E+01       .63177170E-01  .00000000E+00
  .38336692E+01       .60781319E-01  .00000000E+00
  .39007584E+01       .58423360E-01  .00000000E+00
  .39690217E+01       .56105192E-01  .00000000E+00
  .40384796E+01       .53828621E-01  .00000000E+00
  .41091530E+01       .51595357E-01  .00000000E+00
  .41810632E+01       .49407008E-01  .00000000E+00
  .42542318E+01       .47265078E-01  .00000000E+00
  .43286808E+01       .45170961E-01  .00000000E+00
  .44044327E+01       .43125938E-01  .00000000E+00
  .44815103E+01       .41131175E-01  .00000000E+00
  .45599367E+01       .39187721E-01  .00000000E+00
  .46397356E+01       .37296501E-01  .00000000E+00
  .47209310E+01       .35458323E-01  .00000000E+00
  .48035473E+01       .33673870E-01  .00000000E+00
  .48876094E+01       .31943700E-01  .00000000E+00
  .49731425E+01       .30268248E-01  .00000000E+00
  .50601725E+01       .28647827E-01  .00000000E+00
  .51487256E+01       .27082625E-01  .00000000E+00
  .52388283E+01       .25572710E-01  .00000000E+00
  .53305078E+01       .24118030E-01  .00000000E+00
  .54237916E+01       .22718416E-01  .00000000E+00
  .55187080E+01       .21373584E-01  .00000000E+00
  .56152854E+01       .20083139E-01  .00000000E+00
  .57135529E+01       .18846579E-01  .00000000E+00
  .58135401E+01       .17663297E-01  .00000000E+00
  .59152770E+01       .16532588E-01  .00000000E+00
  .60187944E+01       .15453653E-01  .00000000E+00
  .61241233E+01       .14425605E-01  .00000000E+00
  .62312954E+01       .13447470E-01  .00000000E+00
  .63403431E+01       .12518201E-01  .00000000E+00
  .64512991E+01       .11636675E-01  .00000000E+00
  .65641968E+01       .10801706E-01  .00000000E+00
  .66790703E+01       .10012047E-01  .00000000E+00
  .67959540E+01       .92663995E-02  .00000000E+00
  .69148832E+01       .85634180E-02  .00000000E+00
  .70358936E+01       .79017166E-02  .00000000E+00
  .71590218E+01       .72798763E-02  .00000000E+00
  .72843047E+01       .66964511E-02  .00000000E+00
  .74117800E+01       .61499740E-02  .00000000E+00
  .75414861E+01       .56389638E-02  .00000000E+00
  .76734621E+01       .51619307E-02  .00000000E+00
  .78077477E+01       .47173824E-02  .00000000E+00
  .79443833E+01       .43038295E-02  .00000000E+00
  .80834100E+01       .39197912E-02  .00000000E+00
  .82248697E+01       .35638002E-02  .00000000E+00
  .83688049E+01       .32344074E-02  .00000000E+00
  .85152590E+01       .29301865E-02  .00000000E+00
  .86642760E+01       .26497382E-02  .00000000E+00
  .88159009E+01       .23916940E-02  .00000000E+00
  .89701791E+01       .21547195E-02  .00000000E+00
  .91271573E+01       .19375176E-02  .00000000E+00
  .92868825E+01       .17388311E-02  .00000000E+00
  .94494030E+01       .15574452E-02  .00000000E+00
  .96147675E+01       .13921894E-02  .00000000E+00
  .97830260E+01       .12419392E-02  .00000000E+00
  .99542289E+01       .11056171E-02  .00000000E+00
  .10128428E+02       .98219396E-03  .00000000E+00
  .10305675E+02       .87068947E-03  .00000000E+00
  .10486025E+02       .77017232E-03  .00000000E+00
  .10669530E+02       .67976036E-03  .00000000E+00
  .10856247E+02       .59862033E-03  .00000000E+00
  .11046231E+02       .52596735E-03  .00000000E+00
  .11239540E+02       .46106421E-03  .00000000E+00
  .11436232E+02       .40322037E-03  .00000000E+00
  .11636366E+02       .35179086E-03  .00000000E+00
  .11840003E+02       .30617498E-03  .00000000E+00
  .12047203E+02       .26581484E-03  .00000000E+00
  .12258029E+02       .23019380E-03  .00000000E+00
  .12472544E+02       .19883452E-03  .00000000E+00
  .12690814E+02       .17129895E-03  .00000000E+00
  .12912903E+02       .14718026E-03  .00000000E+00
  .13138879E+02       .12611469E-03  .00000000E+00
  .13368809E+02       .10777105E-03  .00000000E+00
  .13602763E+02       .91842545E-04  .00000000E+00
  .13840812E+02       .78049508E-04  .00000000E+00
  .14083026E+02       .66139303E-04  .00000000E+00
  .14329479E+02       .55884401E-04  .00000000E+00
  .14580245E+02       .47080504E-04  .00000000E+00
  .14835399E+02       .39544739E-04  .00000000E+00
  .15095019E+02       .33113922E-04  .00000000E+00
  .15359181E+02       .27642901E-04  .00000000E+00
  .15627967E+02       .23002980E-04  .00000000E+00
  .15901457E+02       .19080425E-04  .00000000E+00
  .16179732E+02       .15775059E-04  .00000000E+00
  .16462877E+02       .12998945E-04  .00000000E+00
  .16750978E+02       .10675151E-04  .00000000E+00
  .17044120E+02       .87366117E-05  .00000000E+00
  .17342392E+02       .71250664E-05  .00000000E+00
  .17645884E+02       .57900858E-05  .00000000E+00
  .17954687E+02       .46881788E-05  .00000000E+00
  .18268894E+02       .37819762E-05  .00000000E+00
  .18588599E+02       .30394905E-05  .00000000E+00
  .18913900E+02       .24334452E-05  .00000000E+00
  .19244893E+02       .19406716E-05  .00000000E+00
  .19581679E+02       .15415677E-05  .00000000E+00
  .19924358E+02       .12196159E-05  .00000000E+00
  .20273034E+02       .96095460E-06  .00000000E+00
  .20627813E+02       .75399886E-06  .00000000E+00
  .20988799E+02       .58910775E-06  .00000000E+00
  .21356103E+02       .45829241E-06  .00000000E+00
  .21729835E+02       .00000000E+00  .00000000E+00
  .22110107E+02       .00000000E+00  .00000000E+00
  .22497034E+02       .00000000E+00  .00000000E+00
  .22890732E+02       .00000000E+00  .00000000E+00
  .23291320E+02       .00000000E+00  .00000000E+00
  .23698918E+02       .00000000E+00  .00000000E+00
  .24113649E+02       .00000000E+00  .00000000E+00
  .24535638E+02       .00000000E+00  .00000000E+00
  .24965012E+02       .00000000E+00  .00000000E+00
  .25401899E+02       .00000000E+00  .00000000E+00
  .25846433E+02       .00000000E+00  .00000000E+00
  .26298745E+02       .00000000E+00  .00000000E+00
  .26758973E+02       .00000000E+00  .00000000E+00
  .27227255E+02       .00000000E+00  .00000000E+00
  .27703732E+02       .00000000E+00  .00000000E+00
  .28188547E+02       .00000000E+00  .00000000E+00
  .28681847E+02       .00000000E+00  .00000000E+00
  .29183779E+02       .00000000E+00  .00000000E+00
  .29694496E+02       .00000000E+00  .00000000E+00
  .30214149E+02       .00000000E+00  .00000000E+00
  .30742897E+02       .00000000E+00  .00000000E+00
  .31280897E+02       .00000000E+00  .00000000E+00
  .31828313E+02       .00000000E+00  .00000000E+00
  .32385309E+02       .00000000E+00  .00000000E+00
  .32952052E+02       .00000000E+00  .00000000E+00
  .33528712E+02       .00000000E+00  .00000000E+00
  .34115465E+02       .00000000E+00  .00000000E+00
  .34712486E+02       .00000000E+00  .00000000E+00
  .35319954E+02       .00000000E+00  .00000000E+00
  .35938053E+02       .00000000E+00  .00000000E+00
  .36566969E+02       .00000000E+00  .00000000E+00
  .37206891E+02       .00000000E+00  .00000000E+00
  .37858012E+02       .00000000E+00  .00000000E+00
  .38520527E+02       .00000000E+00  .00000000E+00
  .39194636E+02       .00000000E+00  .00000000E+00
  .39880542E+02       .00000000E+00  .00000000E+00
  .40578452E+02       .00000000E+00  .00000000E+00
  .41288575E+02       .00000000E+00  .00000000E+00
  .42011125E+02       .00000000E+00  .00000000E+00
  .42746319E+02       .00000000E+00  .00000000E+00
  .43494380E+02       .00000000E+00  .00000000E+00
&END  
