&ATOM  
 Z  =    1
 ZV =    1
 XC = 1100        .666667
 TYPE = NORMCONSERVING NUMERIC
&END   
&INFO  
    ============================================================
    |    Pseudopotential Report     Tue Nov 12 10:00:32 1996   |
    ------------------------------------------------------------
    |  Atomic Symbol                   :   H                   |
    |  Atomic Number                   :   1                   |
    |  Number of core states           :   0                   |
    |  Number of valence states        :   1                   |
    |  Exchange-Correlation Functional :                       |
    |     Slater exchange :   .6667                            |
    |     LDA correlation : Ceperley-Alder                     |
    |  Electron Configuration :   N   L  Occupation            |
    |                             1   S    1.0000              |
    |  Full Potential Total Energy     -.445894                |
    |  Trouiller-Martins normconserving PP                     |
    |     n    l        rc       energy                        |
    |     1    S     .5000      -.23366                        |
    |     2    P     .4174      -.23366                        |
    |  Number of Mesh Points :   511                           |
    |  Pseudoatom Total Energy    -.445889                     |
    ============================================================
&END  
&POTENTIAL  
   511
  .62500000E-02      -.73542906E+01 -.65148812E+01
  .63593750E-02      -.73542899E+01 -.65148804E+01
  .64706641E-02      -.73542890E+01 -.65148796E+01
  .65839007E-02      -.73542882E+01 -.65148788E+01
  .66991189E-02      -.73542874E+01 -.65148779E+01
  .68163535E-02      -.73542866E+01 -.65148771E+01
  .69356397E-02      -.73542858E+01 -.65148763E+01
  .70570134E-02      -.73542851E+01 -.65148755E+01
  .71805111E-02      -.73542844E+01 -.65148748E+01
  .73061701E-02      -.73542837E+01 -.65148741E+01
  .74340281E-02      -.73542831E+01 -.65148735E+01
  .75641236E-02      -.73542825E+01 -.65148729E+01
  .76964957E-02      -.73542819E+01 -.65148723E+01
  .78311844E-02      -.73542814E+01 -.65148717E+01
  .79682301E-02      -.73542809E+01 -.65148712E+01
  .81076741E-02      -.73542805E+01 -.65148707E+01
  .82495584E-02      -.73542800E+01 -.65148703E+01
  .83939257E-02      -.73542796E+01 -.65148698E+01
  .85408194E-02      -.73542793E+01 -.65148694E+01
  .86902838E-02      -.73542789E+01 -.65148691E+01
  .88423637E-02      -.73542786E+01 -.65148687E+01
  .89971051E-02      -.73542783E+01 -.65148684E+01
  .91545544E-02      -.73542781E+01 -.65148681E+01
  .93147591E-02      -.73542778E+01 -.65148678E+01
  .94777674E-02      -.73542776E+01 -.65148675E+01
  .96436283E-02      -.73542774E+01 -.65148672E+01
  .98123918E-02      -.73542772E+01 -.65148670E+01
  .99841087E-02      -.73542771E+01 -.65148667E+01
  .10158831E-01      -.73542769E+01 -.65148665E+01
  .10336610E-01      -.73542768E+01 -.65148663E+01
  .10517501E-01      -.73542766E+01 -.65148660E+01
  .10701557E-01      -.73542765E+01 -.65148658E+01
  .10888834E-01      -.73542764E+01 -.65148656E+01
  .11079389E-01      -.73542762E+01 -.65148653E+01
  .11273278E-01      -.73542761E+01 -.65148650E+01
  .11470561E-01      -.73542759E+01 -.65148648E+01
  .11671295E-01      -.73542758E+01 -.65148644E+01
  .11875543E-01      -.73542756E+01 -.65148641E+01
  .12083365E-01      -.73542753E+01 -.65148637E+01
  .12294824E-01      -.73542751E+01 -.65148633E+01
  .12509983E-01      -.73542748E+01 -.65148628E+01
  .12728908E-01      -.73542744E+01 -.65148623E+01
  .12951664E-01      -.73542740E+01 -.65148617E+01
  .13178318E-01      -.73542736E+01 -.65148610E+01
  .13408939E-01      -.73542730E+01 -.65148602E+01
  .13643595E-01      -.73542724E+01 -.65148593E+01
  .13882358E-01      -.73542717E+01 -.65148583E+01
  .14125299E-01      -.73542709E+01 -.65148572E+01
  .14372492E-01      -.73542700E+01 -.65148560E+01
  .14624011E-01      -.73542689E+01 -.65148546E+01
  .14879931E-01      -.73542677E+01 -.65148530E+01
  .15140330E-01      -.73542663E+01 -.65148512E+01
  .15405285E-01      -.73542647E+01 -.65148492E+01
  .15674878E-01      -.73542630E+01 -.65148470E+01
  .15949188E-01      -.73542610E+01 -.65148446E+01
  .16228299E-01      -.73542588E+01 -.65148419E+01
  .16512294E-01      -.73542563E+01 -.65148388E+01
  .16801259E-01      -.73542535E+01 -.65148355E+01
  .17095281E-01      -.73542505E+01 -.65148318E+01
  .17394449E-01      -.73542470E+01 -.65148277E+01
  .17698852E-01      -.73542432E+01 -.65148232E+01
  .18008582E-01      -.73542390E+01 -.65148182E+01
  .18323732E-01      -.73542344E+01 -.65148127E+01
  .18644397E-01      -.73542292E+01 -.65148066E+01
  .18970674E-01      -.73542235E+01 -.65148000E+01
  .19302661E-01      -.73542173E+01 -.65147927E+01
  .19640457E-01      -.73542104E+01 -.65147848E+01
  .19984165E-01      -.73542028E+01 -.65147761E+01
  .20333888E-01      -.73541945E+01 -.65147665E+01
  .20689731E-01      -.73541854E+01 -.65147561E+01
  .21051802E-01      -.73541755E+01 -.65147447E+01
  .21420208E-01      -.73541646E+01 -.65147323E+01
  .21795062E-01      -.73541527E+01 -.65147187E+01
  .22176475E-01      -.73541397E+01 -.65147040E+01
  .22564564E-01      -.73541255E+01 -.65146879E+01
  .22959444E-01      -.73541100E+01 -.65146704E+01
  .23361234E-01      -.73540932E+01 -.65146514E+01
  .23770055E-01      -.73540748E+01 -.65146308E+01
  .24186031E-01      -.73540549E+01 -.65146084E+01
  .24609287E-01      -.73540332E+01 -.65145841E+01
  .25039950E-01      -.73540096E+01 -.65145577E+01
  .25478149E-01      -.73539840E+01 -.65145291E+01
  .25924016E-01      -.73539563E+01 -.65144981E+01
  .26377687E-01      -.73539262E+01 -.65144645E+01
  .26839296E-01      -.73538935E+01 -.65144282E+01
  .27308984E-01      -.73538582E+01 -.65143889E+01
  .27786891E-01      -.73538199E+01 -.65143463E+01
  .28273162E-01      -.73537784E+01 -.65143003E+01
  .28767942E-01      -.73537336E+01 -.65142506E+01
  .29271381E-01      -.73536850E+01 -.65141969E+01
  .29783630E-01      -.73536326E+01 -.65141389E+01
  .30304844E-01      -.73535759E+01 -.65140763E+01
  .30835178E-01      -.73535147E+01 -.65140087E+01
  .31374794E-01      -.73534485E+01 -.65139358E+01
  .31923853E-01      -.73533771E+01 -.65138571E+01
  .32482520E-01      -.73533001E+01 -.65137723E+01
  .33050964E-01      -.73532169E+01 -.65136808E+01
  .33629356E-01      -.73531272E+01 -.65135822E+01
  .34217870E-01      -.73530305E+01 -.65134760E+01
  .34816683E-01      -.73529263E+01 -.65133616E+01
  .35425975E-01      -.73528139E+01 -.65132384E+01
  .36045929E-01      -.73526929E+01 -.65131057E+01
  .36676733E-01      -.73525625E+01 -.65129630E+01
  .37318576E-01      -.73524221E+01 -.65128093E+01
  .37971651E-01      -.73522709E+01 -.65126439E+01
  .38636155E-01      -.73521081E+01 -.65124661E+01
  .39312287E-01      -.73519330E+01 -.65122748E+01
  .40000252E-01      -.73517445E+01 -.65120690E+01
  .40700257E-01      -.73515418E+01 -.65118479E+01
  .41412511E-01      -.73513238E+01 -.65116102E+01
  .42137230E-01      -.73510893E+01 -.65113547E+01
  .42874632E-01      -.73508373E+01 -.65110802E+01
  .43624938E-01      -.73505663E+01 -.65107853E+01
  .44388374E-01      -.73502751E+01 -.65104685E+01
  .45165171E-01      -.73499622E+01 -.65101283E+01
  .45955561E-01      -.73496260E+01 -.65097630E+01
  .46759784E-01      -.73492648E+01 -.65093709E+01
  .47578080E-01      -.73488770E+01 -.65089499E+01
  .48410696E-01      -.73484604E+01 -.65084981E+01
  .49257883E-01      -.73480132E+01 -.65080133E+01
  .50119896E-01      -.73475332E+01 -.65074931E+01
  .50996995E-01      -.73470179E+01 -.65069351E+01
  .51889442E-01      -.73464649E+01 -.65063366E+01
  .52797507E-01      -.73458715E+01 -.65056947E+01
  .53721464E-01      -.73452348E+01 -.65050065E+01
  .54661589E-01      -.73445519E+01 -.65042686E+01
  .55618167E-01      -.73438194E+01 -.65034777E+01
  .56591485E-01      -.73430338E+01 -.65026299E+01
  .57581836E-01      -.73421915E+01 -.65017214E+01
  .58589518E-01      -.73412884E+01 -.65007480E+01
  .59614835E-01      -.73403203E+01 -.64997052E+01
  .60658094E-01      -.73392827E+01 -.64985881E+01
  .61719611E-01      -.73381707E+01 -.64973918E+01
  .62799704E-01      -.73369792E+01 -.64961107E+01
  .63898699E-01      -.73357026E+01 -.64947390E+01
  .65016926E-01      -.73343351E+01 -.64932707E+01
  .66154722E-01      -.73328703E+01 -.64916990E+01
  .67312430E-01      -.73313017E+01 -.64900170E+01
  .68490398E-01      -.73296220E+01 -.64882173E+01
  .69688980E-01      -.73278237E+01 -.64862919E+01
  .70908537E-01      -.73258987E+01 -.64842323E+01
  .72149436E-01      -.73238383E+01 -.64820296E+01
  .73412051E-01      -.73216333E+01 -.64796742E+01
  .74696762E-01      -.73192740E+01 -.64771560E+01
  .76003955E-01      -.73167499E+01 -.64744642E+01
  .77334025E-01      -.73140499E+01 -.64715873E+01
  .78687370E-01      -.73111623E+01 -.64685132E+01
  .80064399E-01      -.73080745E+01 -.64652290E+01
  .81465526E-01      -.73047730E+01 -.64617209E+01
  .82891173E-01      -.73012439E+01 -.64579744E+01
  .84341768E-01      -.72974719E+01 -.64539742E+01
  .85817749E-01      -.72934411E+01 -.64497038E+01
  .87319560E-01      -.72891345E+01 -.64451462E+01
  .88847652E-01      -.72845340E+01 -.64402829E+01
  .90402486E-01      -.72796206E+01 -.64350947E+01
  .91984530E-01      -.72743739E+01 -.64295611E+01
  .93594259E-01      -.72687724E+01 -.64236605E+01
  .95232158E-01      -.72627934E+01 -.64173701E+01
  .96898721E-01      -.72564126E+01 -.64106659E+01
  .98594449E-01      -.72496047E+01 -.64035224E+01
  .10031985E+00      -.72423426E+01 -.63959130E+01
  .10207545E+00      -.72345978E+01 -.63878094E+01
  .10386177E+00      -.72263400E+01 -.63791822E+01
  .10567935E+00      -.72175375E+01 -.63700001E+01
  .10752874E+00      -.72081567E+01 -.63602305E+01
  .10941049E+00      -.71981622E+01 -.63498391E+01
  .11132518E+00      -.71875166E+01 -.63387899E+01
  .11327337E+00      -.71761806E+01 -.63270453E+01
  .11525565E+00      -.71641130E+01 -.63145661E+01
  .11727262E+00      -.71512702E+01 -.63013110E+01
  .11932489E+00      -.71376067E+01 -.62872371E+01
  .12141308E+00      -.71230747E+01 -.62722999E+01
  .12353781E+00      -.71076239E+01 -.62564529E+01
  .12569972E+00      -.70912019E+01 -.62396477E+01
  .12789947E+00      -.70737539E+01 -.62218345E+01
  .13013771E+00      -.70552223E+01 -.62029613E+01
  .13241512E+00      -.70355476E+01 -.61829747E+01
  .13473238E+00      -.70146673E+01 -.61618196E+01
  .13709020E+00      -.69925167E+01 -.61394392E+01
  .13948928E+00      -.69690285E+01 -.61157754E+01
  .14193034E+00      -.69441330E+01 -.60907687E+01
  .14441412E+00      -.69177579E+01 -.60643584E+01
  .14694137E+00      -.68898289E+01 -.60364826E+01
  .14951284E+00      -.68602690E+01 -.60070790E+01
  .15212932E+00      -.68289993E+01 -.59760845E+01
  .15479158E+00      -.67959388E+01 -.59434355E+01
  .15750043E+00      -.67610046E+01 -.59090689E+01
  .16025669E+00      -.67241123E+01 -.58729217E+01
  .16306118E+00      -.66851759E+01 -.58349318E+01
  .16591475E+00      -.66441084E+01 -.57950384E+01
  .16881826E+00      -.66008223E+01 -.57531825E+01
  .17177258E+00      -.65552293E+01 -.57093074E+01
  .17477860E+00      -.65072415E+01 -.56633596E+01
  .17783722E+00      -.64567717E+01 -.56152891E+01
  .18094938E+00      -.64037335E+01 -.55650506E+01
  .18411599E+00      -.63480428E+01 -.55126038E+01
  .18733802E+00      -.62896179E+01 -.54579148E+01
  .19061644E+00      -.62283805E+01 -.54009569E+01
  .19395222E+00      -.61642565E+01 -.53417113E+01
  .19734639E+00      -.60971772E+01 -.52801688E+01
  .20079995E+00      -.60270803E+01 -.52163302E+01
  .20431395E+00      -.59539110E+01 -.51502081E+01
  .20788944E+00      -.58776231E+01 -.50818281E+01
  .21152751E+00      -.57981809E+01 -.50112296E+01
  .21522924E+00      -.57155600E+01 -.49384676E+01
  .21899575E+00      -.56297495E+01 -.48636135E+01
  .22282818E+00      -.55407531E+01 -.47867569E+01
  .22672767E+00      -.54485912E+01 -.47080065E+01
  .23069540E+00      -.53533027E+01 -.46274912E+01
  .23473257E+00      -.52549465E+01 -.45453612E+01
  .23884039E+00      -.51536042E+01 -.44617889E+01
  .24302010E+00      -.50493811E+01 -.43769696E+01
  .24727295E+00      -.49424090E+01 -.42911216E+01
  .25160023E+00      -.48328477E+01 -.42044865E+01
  .25600323E+00      -.47208870E+01 -.41173288E+01
  .26048329E+00      -.46067487E+01 -.40299348E+01
  .26504175E+00      -.44906878E+01 -.39426116E+01
  .26967998E+00      -.43729943E+01 -.38556846E+01
  .27439938E+00      -.42539942E+01 -.37694947E+01
  .27920136E+00      -.41340504E+01 -.36843950E+01
  .28408739E+00      -.40135629E+01 -.36007453E+01
  .28905892E+00      -.38929686E+01 -.35189068E+01
  .29411745E+00      -.37727407E+01 -.34392353E+01
  .29926450E+00      -.36533865E+01 -.33620725E+01
  .30450163E+00      -.35354455E+01 -.32877372E+01
  .30983041E+00      -.34194852E+01 -.32165144E+01
  .31525244E+00      -.33060963E+01 -.31486433E+01
  .32076936E+00      -.31958866E+01 -.30843053E+01
  .32638283E+00      -.30894728E+01 -.30236103E+01
  .33209453E+00      -.29874713E+01 -.29665834E+01
  .33790618E+00      -.28904860E+01 -.29131526E+01
  .34381954E+00      -.27990954E+01 -.28631374E+01
  .34983638E+00      -.27138363E+01 -.28162412E+01
  .35595852E+00      -.26351863E+01 -.27720490E+01
  .36218779E+00      -.25635433E+01 -.27300315E+01
  .36852608E+00      -.24992039E+01 -.26895619E+01
  .37497528E+00      -.24423395E+01 -.26499474E+01
  .38153735E+00      -.23929721E+01 -.26104814E+01
  .38821425E+00      -.23509487E+01 -.25705251E+01
  .39500800E+00      -.23159189E+01 -.25296259E+01
  .40192064E+00      -.22873133E+01 -.24876860E+01
  .40895425E+00      -.22643296E+01 -.24451940E+01
  .41611095E+00      -.22459260E+01 -.24031600E+01
  .42339290E+00      -.22308294E+01 -.23618435E+01
  .43080227E+00      -.22175622E+01 -.23212330E+01
  .43834131E+00      -.22044970E+01 -.22813172E+01
  .44601228E+00      -.21899477E+01 -.22420850E+01
  .45381750E+00      -.21723102E+01 -.22035255E+01
  .46175931E+00      -.21502688E+01 -.21656280E+01
  .46984009E+00      -.21230868E+01 -.21283815E+01
  .47806229E+00      -.20910079E+01 -.20917755E+01
  .48642838E+00      -.20557990E+01 -.20557990E+01
  .49494088E+00      -.20204412E+01 -.20204412E+01
  .50360235E+00      -.19856916E+01 -.19856916E+01
  .51241539E+00      -.19515396E+01 -.19515396E+01
  .52138266E+00      -.19179750E+01 -.19179750E+01
  .53050685E+00      -.18849877E+01 -.18849877E+01
  .53979072E+00      -.18525677E+01 -.18525677E+01
  .54923706E+00      -.18207054E+01 -.18207054E+01
  .55884871E+00      -.17893910E+01 -.17893910E+01
  .56862856E+00      -.17586152E+01 -.17586152E+01
  .57857956E+00      -.17283687E+01 -.17283687E+01
  .58870470E+00      -.16986424E+01 -.16986424E+01
  .59900704E+00      -.16694274E+01 -.16694274E+01
  .60948966E+00      -.16407149E+01 -.16407149E+01
  .62015573E+00      -.16124962E+01 -.16124962E+01
  .63100845E+00      -.15847628E+01 -.15847628E+01
  .64205110E+00      -.15575064E+01 -.15575064E+01
  .65328700E+00      -.15307188E+01 -.15307188E+01
  .66471952E+00      -.15043919E+01 -.15043919E+01
  .67635211E+00      -.14785179E+01 -.14785179E+01
  .68818827E+00      -.14530888E+01 -.14530888E+01
  .70023157E+00      -.14280971E+01 -.14280971E+01
  .71248562E+00      -.14035352E+01 -.14035352E+01
  .72495412E+00      -.13793957E+01 -.13793957E+01
  .73764082E+00      -.13556715E+01 -.13556715E+01
  .75054953E+00      -.13323552E+01 -.13323552E+01
  .76368415E+00      -.13094400E+01 -.13094400E+01
  .77704862E+00      -.12869189E+01 -.12869189E+01
  .79064697E+00      -.12647852E+01 -.12647852E+01
  .80448329E+00      -.12430321E+01 -.12430321E+01
  .81856175E+00      -.12216531E+01 -.12216531E+01
  .83288658E+00      -.12006419E+01 -.12006419E+01
  .84746209E+00      -.11799920E+01 -.11799920E+01
  .86229268E+00      -.11596973E+01 -.11596973E+01
  .87738280E+00      -.11397516E+01 -.11397516E+01
  .89273700E+00      -.11201490E+01 -.11201490E+01
  .90835990E+00      -.11008836E+01 -.11008836E+01
  .92425620E+00      -.10819494E+01 -.10819494E+01
  .94043068E+00      -.10633410E+01 -.10633410E+01
  .95688822E+00      -.10450525E+01 -.10450525E+01
  .97363376E+00      -.10270786E+01 -.10270786E+01
  .99067235E+00      -.10094139E+01 -.10094139E+01
  .10080091E+01      -.99205296E+00 -.99205296E+00
  .10256493E+01      -.97499062E+00 -.97499062E+00
  .10435981E+01      -.95822174E+00 -.95822174E+00
  .10618611E+01      -.94174126E+00 -.94174126E+00
  .10804437E+01      -.92554423E+00 -.92554423E+00
  .10993514E+01      -.90962578E+00 -.90962578E+00
  .11185901E+01      -.89398111E+00 -.89398111E+00
  .11381654E+01      -.87860551E+00 -.87860551E+00
  .11580833E+01      -.86349435E+00 -.86349435E+00
  .11783498E+01      -.84864310E+00 -.84864310E+00
  .11989709E+01      -.83404727E+00 -.83404727E+00
  .12199529E+01      -.81970247E+00 -.81970247E+00
  .12413021E+01      -.80560440E+00 -.80560440E+00
  .12630248E+01      -.79174879E+00 -.79174879E+00
  .12851278E+01      -.77813149E+00 -.77813149E+00
  .13076175E+01      -.76474839E+00 -.76474839E+00
  .13305008E+01      -.75159547E+00 -.75159547E+00
  .13537846E+01      -.73866877E+00 -.73866877E+00
  .13774758E+01      -.72596439E+00 -.72596439E+00
  .14015816E+01      -.71347852E+00 -.71347852E+00
  .14261093E+01      -.70120739E+00 -.70120739E+00
  .14510662E+01      -.68914732E+00 -.68914732E+00
  .14764599E+01      -.67729466E+00 -.67729466E+00
  .15022979E+01      -.66564586E+00 -.66564586E+00
  .15285882E+01      -.65419741E+00 -.65419741E+00
  .15553385E+01      -.64294585E+00 -.64294585E+00
  .15825569E+01      -.63188782E+00 -.63188782E+00
  .16102516E+01      -.62101997E+00 -.62101997E+00
  .16384310E+01      -.61033904E+00 -.61033904E+00
  .16671036E+01      -.59984181E+00 -.59984181E+00
  .16962779E+01      -.58952512E+00 -.58952512E+00
  .17259627E+01      -.57938587E+00 -.57938587E+00
  .17561671E+01      -.56942100E+00 -.56942100E+00
  .17869000E+01      -.55962752E+00 -.55962752E+00
  .18181708E+01      -.55000248E+00 -.55000248E+00
  .18499888E+01      -.54054298E+00 -.54054298E+00
  .18823636E+01      -.53124617E+00 -.53124617E+00
  .19153049E+01      -.52210926E+00 -.52210926E+00
  .19488228E+01      -.51312950E+00 -.51312950E+00
  .19829272E+01      -.50430417E+00 -.50430417E+00
  .20176284E+01      -.49563064E+00 -.49563064E+00
  .20529369E+01      -.48710628E+00 -.48710628E+00
  .20888633E+01      -.47872853E+00 -.47872853E+00
  .21254184E+01      -.47049487E+00 -.47049487E+00
  .21626132E+01      -.46240282E+00 -.46240282E+00
  .22004589E+01      -.45444995E+00 -.45444995E+00
  .22389670E+01      -.44663385E+00 -.44663385E+00
  .22781489E+01      -.43895219E+00 -.43895219E+00
  .23180165E+01      -.43140264E+00 -.43140264E+00
  .23585818E+01      -.42398294E+00 -.42398294E+00
  .23998570E+01      -.41669085E+00 -.41669085E+00
  .24418545E+01      -.40952418E+00 -.40952418E+00
  .24845869E+01      -.40248076E+00 -.40248076E+00
  .25280672E+01      -.39555849E+00 -.39555849E+00
  .25723084E+01      -.38875527E+00 -.38875527E+00
  .26173237E+01      -.38206906E+00 -.38206906E+00
  .26631269E+01      -.37549785E+00 -.37549785E+00
  .27097316E+01      -.36903965E+00 -.36903965E+00
  .27571519E+01      -.36269253E+00 -.36269253E+00
  .28054021E+01      -.35645457E+00 -.35645457E+00
  .28544966E+01      -.35032390E+00 -.35032390E+00
  .29044503E+01      -.34429868E+00 -.34429868E+00
  .29552782E+01      -.33837708E+00 -.33837708E+00
  .30069956E+01      -.33255732E+00 -.33255732E+00
  .30596180E+01      -.32683766E+00 -.32683766E+00
  .31131613E+01      -.32121637E+00 -.32121637E+00
  .31676416E+01      -.31569177E+00 -.31569177E+00
  .32230754E+01      -.31026218E+00 -.31026218E+00
  .32794792E+01      -.30492597E+00 -.30492597E+00
  .33368701E+01      -.29968154E+00 -.29968154E+00
  .33952653E+01      -.29452731E+00 -.29452731E+00
  .34546824E+01      -.28946173E+00 -.28946173E+00
  .35151394E+01      -.28448327E+00 -.28448327E+00
  .35766543E+01      -.27959044E+00 -.27959044E+00
  .36392458E+01      -.27478176E+00 -.27478176E+00
  .37029326E+01      -.27005578E+00 -.27005578E+00
  .37677339E+01      -.26541108E+00 -.26541108E+00
  .38336692E+01      -.26084627E+00 -.26084627E+00
  .39007584E+01      -.25635997E+00 -.25635997E+00
  .39690217E+01      -.25195083E+00 -.25195083E+00
  .40384796E+01      -.24761753E+00 -.24761753E+00
  .41091530E+01      -.24335875E+00 -.24335875E+00
  .41810632E+01      -.23917322E+00 -.23917322E+00
  .42542318E+01      -.23505967E+00 -.23505967E+00
  .43286808E+01      -.23101688E+00 -.23101688E+00
  .44044327E+01      -.22704361E+00 -.22704361E+00
  .44815103E+01      -.22313869E+00 -.22313869E+00
  .45599367E+01      -.21930092E+00 -.21930092E+00
  .46397356E+01      -.21552916E+00 -.21552916E+00
  .47209310E+01      -.21182228E+00 -.21182228E+00
  .48035473E+01      -.20817914E+00 -.20817914E+00
  .48876094E+01      -.20459867E+00 -.20459867E+00
  .49731425E+01      -.20107977E+00 -.20107977E+00
  .50601725E+01      -.19762140E+00 -.19762140E+00
  .51487256E+01      -.19422251E+00 -.19422251E+00
  .52388283E+01      -.19088207E+00 -.19088207E+00
  .53305078E+01      -.18759909E+00 -.18759909E+00
  .54237916E+01      -.18437257E+00 -.18437257E+00
  .55187080E+01      -.18120155E+00 -.18120155E+00
  .56152854E+01      -.17808506E+00 -.17808506E+00
  .57135529E+01      -.17502218E+00 -.17502218E+00
  .58135401E+01      -.17201197E+00 -.17201197E+00
  .59152770E+01      -.16905354E+00 -.16905354E+00
  .60187944E+01      -.16614599E+00 -.16614599E+00
  .61241233E+01      -.16328844E+00 -.16328844E+00
  .62312954E+01      -.16048005E+00 -.16048005E+00
  .63403431E+01      -.15771995E+00 -.15771995E+00
  .64512991E+01      -.15500733E+00 -.15500733E+00
  .65641968E+01      -.15234136E+00 -.15234136E+00
  .66790703E+01      -.14972124E+00 -.14972124E+00
  .67959540E+01      -.14714618E+00 -.14714618E+00
  .69148832E+01      -.14461542E+00 -.14461542E+00
  .70358936E+01      -.14212818E+00 -.14212818E+00
  .71590218E+01      -.13968372E+00 -.13968372E+00
  .72843047E+01      -.13728130E+00 -.13728130E+00
  .74117800E+01      -.13492020E+00 -.13492020E+00
  .75414861E+01      -.13259971E+00 -.13259971E+00
  .76734621E+01      -.13031913E+00 -.13031913E+00
  .78077477E+01      -.12807777E+00 -.12807777E+00
  .79443833E+01      -.12587496E+00 -.12587496E+00
  .80834100E+01      -.12371004E+00 -.12371004E+00
  .82248697E+01      -.12158235E+00 -.12158235E+00
  .83688049E+01      -.11949126E+00 -.11949126E+00
  .85152590E+01      -.11743613E+00 -.11743613E+00
  .86642760E+01      -.11541635E+00 -.11541635E+00
  .88159009E+01      -.11343131E+00 -.11343131E+00
  .89701791E+01      -.11148040E+00 -.11148040E+00
  .91271573E+01      -.10956305E+00 -.10956305E+00
  .92868825E+01      -.10767868E+00 -.10767868E+00
  .94494030E+01      -.10582672E+00 -.10582672E+00
  .96147675E+01      -.10400660E+00 -.10400660E+00
  .97830260E+01      -.10221780E+00 -.10221780E+00
  .99542289E+01      -.10045975E+00 -.10045975E+00
  .10128428E+02      -.98731946E-01 -.98731946E-01
  .10305675E+02      -.97033857E-01 -.97033857E-01
  .10486025E+02      -.95364973E-01 -.95364973E-01
  .10669530E+02      -.93724792E-01 -.93724792E-01
  .10856247E+02      -.92112820E-01 -.92112820E-01
  .11046231E+02      -.90528572E-01 -.90528572E-01
  .11239540E+02      -.88971572E-01 -.88971572E-01
  .11436232E+02      -.87441351E-01 -.87441351E-01
  .11636366E+02      -.85937447E-01 -.85937447E-01
  .11840003E+02      -.84459410E-01 -.84459410E-01
  .12047203E+02      -.83006793E-01 -.83006793E-01
  .12258029E+02      -.81579159E-01 -.81579159E-01
  .12472544E+02      -.80176080E-01 -.80176080E-01
  .12690814E+02      -.78797132E-01 -.78797132E-01
  .12912903E+02      -.77441900E-01 -.77441900E-01
  .13138879E+02      -.76109994E-01 -.76109994E-01
  .13368809E+02      -.74800977E-01 -.74800977E-01
  .13602763E+02      -.73514474E-01 -.73514474E-01
  .13840812E+02      -.72250097E-01 -.72250097E-01
  .14083026E+02      -.71007467E-01 -.71007467E-01
  .14329479E+02      -.69786208E-01 -.69786208E-01
  .14580245E+02      -.68585954E-01 -.68585954E-01
  .14835399E+02      -.67406343E-01 -.67406343E-01
  .15095019E+02      -.66247020E-01 -.66247020E-01
  .15359181E+02      -.65107636E-01 -.65107636E-01
  .15627967E+02      -.63987849E-01 -.63987849E-01
  .15901457E+02      -.62887321E-01 -.62887321E-01
  .16179732E+02      -.61805721E-01 -.61805721E-01
  .16462877E+02      -.60742723E-01 -.60742723E-01
  .16750978E+02      -.59698008E-01 -.59698008E-01
  .17044120E+02      -.58671261E-01 -.58671261E-01
  .17342392E+02      -.57662173E-01 -.57662173E-01
  .17645884E+02      -.56670440E-01 -.56670440E-01
  .17954687E+02      -.55695764E-01 -.55695764E-01
  .18268894E+02      -.54737852E-01 -.54737852E-01
  .18588599E+02      -.53796415E-01 -.53796415E-01
  .18913900E+02      -.52871169E-01 -.52871169E-01
  .19244893E+02      -.51961837E-01 -.51961837E-01
  .19581679E+02      -.51068144E-01 -.51068144E-01
  .19924358E+02      -.50189823E-01 -.50189823E-01
  .20273034E+02      -.49326607E-01 -.49326607E-01
  .20627813E+02      -.48478238E-01 -.48478238E-01
  .20988799E+02      -.47644460E-01 -.47644460E-01
  .21356103E+02      -.46825022E-01 -.46825022E-01
  .21729835E+02      -.46019677E-01 -.46019677E-01
  .22110107E+02      -.45228184E-01 -.45228184E-01
  .22497034E+02      -.44450304E-01 -.44450304E-01
  .22890732E+02      -.43685802E-01 -.43685802E-01
  .23291320E+02      -.42934450E-01 -.42934450E-01
  .23698918E+02      -.42196019E-01 -.42196019E-01
  .24113649E+02      -.41470289E-01 -.41470289E-01
  .24535638E+02      -.40757041E-01 -.40757041E-01
  .24965012E+02      -.40056060E-01 -.40056060E-01
  .25401899E+02      -.39367135E-01 -.39367135E-01
  .25846433E+02      -.38690059E-01 -.38690059E-01
  .26298745E+02      -.38024628E-01 -.38024628E-01
  .26758973E+02      -.37370642E-01 -.37370642E-01
  .27227255E+02      -.36727903E-01 -.36727903E-01
  .27703732E+02      -.36096220E-01 -.36096220E-01
  .28188547E+02      -.35475400E-01 -.35475400E-01
  .28681847E+02      -.34865258E-01 -.34865258E-01
  .29183779E+02      -.34265610E-01 -.34265610E-01
  .29694496E+02      -.33676275E-01 -.33676275E-01
  .30214149E+02      -.33097076E-01 -.33097076E-01
  .30742897E+02      -.32527839E-01 -.32527839E-01
  .31280897E+02      -.31968392E-01 -.31968392E-01
  .31828313E+02      -.31418567E-01 -.31418567E-01
  .32385309E+02      -.30878199E-01 -.30878199E-01
  .32952052E+02      -.30347124E-01 -.30347124E-01
  .33528712E+02      -.29825183E-01 -.29825183E-01
  .34115465E+02      -.29312220E-01 -.29312220E-01
  .34712486E+02      -.28808078E-01 -.28808078E-01
  .35319954E+02      -.28312608E-01 -.28312608E-01
  .35938053E+02      -.27825659E-01 -.27825659E-01
  .36566969E+02      -.27347085E-01 -.27347085E-01
  .37206891E+02      -.26876742E-01 -.26876742E-01
  .37858012E+02      -.26414488E-01 -.26414488E-01
  .38520527E+02      -.25960185E-01 -.25960185E-01
  .39194636E+02      -.25513695E-01 -.25513695E-01
  .39880542E+02      -.25074885E-01 -.25074885E-01
  .40578452E+02      -.24643621E-01 -.24643621E-01
  .41288575E+02      -.24219775E-01 -.24219775E-01
  .42011125E+02      -.23803219E-01 -.23803219E-01
  .42746319E+02      -.23393827E-01 -.23393827E-01
  .43494380E+02      -.22991476E-01 -.22991476E-01
&END  
&WAVEFUNCTION 
   511 CHANNELS=1 
  .62500000E-02       .29278464E-02  .31378448E-04
  .63593750E-02       .29790837E-02  .32486304E-04
  .64706641E-02       .30312177E-02  .33633273E-04
  .65839007E-02       .30842640E-02  .34820738E-04
  .66991189E-02       .31382384E-02  .36050126E-04
  .68163535E-02       .31931567E-02  .37322911E-04
  .69356397E-02       .32490354E-02  .38640629E-04
  .70570134E-02       .33058914E-02  .40004863E-04
  .71805111E-02       .33637417E-02  .41417256E-04
  .73061701E-02       .34226036E-02  .42879509E-04
  .74340281E-02       .34824949E-02  .44393380E-04
  .75641236E-02       .35434334E-02  .45960692E-04
  .76964957E-02       .36054376E-02  .47583332E-04
  .78311844E-02       .36685259E-02  .49263251E-04
  .79682301E-02       .37327173E-02  .51002472E-04
  .81076741E-02       .37980311E-02  .52803088E-04
  .82495584E-02       .38644868E-02  .54667266E-04
  .83939257E-02       .39321044E-02  .56597250E-04
  .85408194E-02       .40009042E-02  .58595361E-04
  .86902838E-02       .40709067E-02  .60664004E-04
  .88423637E-02       .41421330E-02  .62805669E-04
  .89971051E-02       .42146045E-02  .65022933E-04
  .91545544E-02       .42883427E-02  .67318464E-04
  .93147591E-02       .43633699E-02  .69695024E-04
  .94777674E-02       .44397084E-02  .72155473E-04
  .96436283E-02       .45173813E-02  .74702771E-04
  .98123918E-02       .45964116E-02  .77339983E-04
  .99841087E-02       .46768232E-02  .80070283E-04
  .10158831E-01       .47586400E-02  .82896955E-04
  .10336610E-01       .48418865E-02  .85823400E-04
  .10517501E-01       .49265877E-02  .88853139E-04
  .10701557E-01       .50127689E-02  .91989818E-04
  .10888834E-01       .51004559E-02  .95237209E-04
  .11079389E-01       .51896749E-02  .98599219E-04
  .11273278E-01       .52804526E-02  .10207989E-03
  .11470561E-01       .53728161E-02  .10568342E-03
  .11671295E-01       .54667930E-02  .10941413E-03
  .11875543E-01       .55624113E-02  .11327651E-03
  .12083365E-01       .56596998E-02  .11727521E-03
  .12294824E-01       .57586873E-02  .12141504E-03
  .12509983E-01       .58594035E-02  .12570097E-03
  .12728908E-01       .59618784E-02  .13013817E-03
  .12951664E-01       .60661426E-02  .13473197E-03
  .13178318E-01       .61722272E-02  .13948789E-03
  .13408939E-01       .62801638E-02  .14441165E-03
  .13643595E-01       .63899846E-02  .14950917E-03
  .13882358E-01       .65017223E-02  .15478658E-03
  .14125299E-01       .66154101E-02  .16025023E-03
  .14372492E-01       .67310821E-02  .16590669E-03
  .14624011E-01       .68487724E-02  .17176275E-03
  .14879931E-01       .69685163E-02  .17782546E-03
  .15140330E-01       .70903492E-02  .18410211E-03
  .15405285E-01       .72143075E-02  .19060023E-03
  .15674878E-01       .73404279E-02  .19732765E-03
  .15949188E-01       .74687478E-02  .20429244E-03
  .16228299E-01       .75993055E-02  .21150298E-03
  .16512294E-01       .77321396E-02  .21896793E-03
  .16801259E-01       .78672894E-02  .22669626E-03
  .17095281E-01       .80047952E-02  .23469726E-03
  .17394449E-01       .81446976E-02  .24298055E-03
  .17698852E-01       .82870379E-02  .25155607E-03
  .18008582E-01       .84318585E-02  .26043412E-03
  .18323732E-01       .85792019E-02  .26962538E-03
  .18644397E-01       .87291119E-02  .27914088E-03
  .18970674E-01       .88816327E-02  .28899205E-03
  .19302661E-01       .90368093E-02  .29919072E-03
  .19640457E-01       .91946874E-02  .30974913E-03
  .19984165E-01       .93553136E-02  .32067997E-03
  .20333888E-01       .95187352E-02  .33199636E-03
  .20689731E-01       .96850003E-02  .34371189E-03
  .21051802E-01       .98541578E-02  .35584061E-03
  .21420208E-01       .10026257E-01  .36839708E-03
  .21795062E-01       .10201349E-01  .38139638E-03
  .22176475E-01       .10379485E-01  .39485410E-03
  .22564564E-01       .10560717E-01  .40878638E-03
  .22959444E-01       .10745099E-01  .42320995E-03
  .23361234E-01       .10932683E-01  .43814210E-03
  .23770055E-01       .11123525E-01  .45360075E-03
  .24186031E-01       .11317681E-01  .46960442E-03
  .24609287E-01       .11515207E-01  .48617231E-03
  .25039950E-01       .11716160E-01  .50332429E-03
  .25478149E-01       .11920600E-01  .52108090E-03
  .25924016E-01       .12128585E-01  .53946344E-03
  .26377687E-01       .12340176E-01  .55849392E-03
  .26839296E-01       .12555434E-01  .57819515E-03
  .27308984E-01       .12774421E-01  .59859073E-03
  .27786891E-01       .12997201E-01  .61970509E-03
  .28273162E-01       .13223838E-01  .64156350E-03
  .28767942E-01       .13454396E-01  .66419213E-03
  .29271381E-01       .13688943E-01  .68761807E-03
  .29783630E-01       .13927546E-01  .71186936E-03
  .30304844E-01       .14170273E-01  .73697501E-03
  .30835178E-01       .14417194E-01  .76296504E-03
  .31374794E-01       .14668378E-01  .78987055E-03
  .31923853E-01       .14923898E-01  .81772369E-03
  .32482520E-01       .15183826E-01  .84655777E-03
  .33050964E-01       .15448236E-01  .87640723E-03
  .33629356E-01       .15717203E-01  .90730774E-03
  .34217870E-01       .15990803E-01  .93929620E-03
  .34816683E-01       .16269113E-01  .97241081E-03
  .35425975E-01       .16552212E-01  .10066911E-02
  .36045929E-01       .16840178E-01  .10421780E-02
  .36676733E-01       .17133092E-01  .10789137E-02
  .37318576E-01       .17431036E-01  .11169422E-02
  .37971651E-01       .17734093E-01  .11563088E-02
  .38636155E-01       .18042347E-01  .11970603E-02
  .39312287E-01       .18355883E-01  .12392454E-02
  .40000252E-01       .18674788E-01  .12829141E-02
  .40700257E-01       .18999150E-01  .13281187E-02
  .41412511E-01       .19329056E-01  .13749127E-02
  .42137230E-01       .19664598E-01  .14233519E-02
  .42874632E-01       .20005867E-01  .14734938E-02
  .43624938E-01       .20352954E-01  .15253981E-02
  .44388374E-01       .20705955E-01  .15791264E-02
  .45165171E-01       .21064963E-01  .16347424E-02
  .45955561E-01       .21430074E-01  .16923122E-02
  .46759784E-01       .21801387E-01  .17519041E-02
  .47578080E-01       .22178999E-01  .18135886E-02
  .48410696E-01       .22563011E-01  .18774388E-02
  .49257883E-01       .22953522E-01  .19435305E-02
  .50119896E-01       .23350636E-01  .20119416E-02
  .50996995E-01       .23754455E-01  .20827532E-02
  .51889442E-01       .24165083E-01  .21560490E-02
  .52797507E-01       .24582627E-01  .22319154E-02
  .53721464E-01       .25007193E-01  .23104421E-02
  .54661589E-01       .25438888E-01  .23917217E-02
  .55618167E-01       .25877822E-01  .24758498E-02
  .56591485E-01       .26324104E-01  .25629257E-02
  .57581836E-01       .26777846E-01  .26530517E-02
  .58589518E-01       .27239158E-01  .27463339E-02
  .59614835E-01       .27708155E-01  .28428818E-02
  .60658094E-01       .28184950E-01  .29428086E-02
  .61719611E-01       .28669658E-01  .30462317E-02
  .62799704E-01       .29162394E-01  .31532722E-02
  .63898699E-01       .29663275E-01  .32640553E-02
  .65016926E-01       .30172418E-01  .33787106E-02
  .66154722E-01       .30689942E-01  .34973719E-02
  .67312430E-01       .31215965E-01  .36201778E-02
  .68490398E-01       .31750605E-01  .37472714E-02
  .69688980E-01       .32293984E-01  .38788006E-02
  .70908537E-01       .32846221E-01  .40149183E-02
  .72149436E-01       .33407437E-01  .41557826E-02
  .73412051E-01       .33977753E-01  .43015569E-02
  .74696762E-01       .34557291E-01  .44524101E-02
  .76003955E-01       .35146171E-01  .46085165E-02
  .77334025E-01       .35744516E-01  .47700566E-02
  .78687370E-01       .36352446E-01  .49372166E-02
  .80064399E-01       .36970084E-01  .51101890E-02
  .81465526E-01       .37597550E-01  .52891728E-02
  .82891173E-01       .38234965E-01  .54743733E-02
  .84341768E-01       .38882449E-01  .56660028E-02
  .85817749E-01       .39540121E-01  .58642806E-02
  .87319560E-01       .40208100E-01  .60694330E-02
  .88847652E-01       .40886505E-01  .62816940E-02
  .90402486E-01       .41575451E-01  .65013049E-02
  .91984530E-01       .42275054E-01  .67285152E-02
  .93594259E-01       .42985428E-01  .69635822E-02
  .95232158E-01       .43706684E-01  .72067719E-02
  .96898721E-01       .44438934E-01  .74583585E-02
  .98594449E-01       .45182286E-01  .77186253E-02
  .10031985E+00       .45936845E-01  .79878646E-02
  .10207545E+00       .46702716E-01  .82663781E-02
  .10386177E+00       .47479998E-01  .85544770E-02
  .10567935E+00       .48268790E-01  .88524825E-02
  .10752874E+00       .49069186E-01  .91607260E-02
  .10941049E+00       .49881277E-01  .94795494E-02
  .11132518E+00       .50705150E-01  .98093051E-02
  .11327337E+00       .51540888E-01  .10150357E-01
  .11525565E+00       .52388570E-01  .10503080E-01
  .11727262E+00       .53248270E-01  .10867860E-01
  .11932489E+00       .54120056E-01  .11245096E-01
  .12141308E+00       .55003992E-01  .11635200E-01
  .12353781E+00       .55900135E-01  .12038595E-01
  .12569972E+00       .56808538E-01  .12455716E-01
  .12789947E+00       .57729245E-01  .12887015E-01
  .13013771E+00       .58662294E-01  .13332954E-01
  .13241512E+00       .59607718E-01  .13794012E-01
  .13473238E+00       .60565539E-01  .14270679E-01
  .13709020E+00       .61535774E-01  .14763463E-01
  .13948928E+00       .62518429E-01  .15272886E-01
  .14193034E+00       .63513503E-01  .15799484E-01
  .14441412E+00       .64520986E-01  .16343811E-01
  .14694137E+00       .65540858E-01  .16906438E-01
  .14951284E+00       .66573089E-01  .17487949E-01
  .15212932E+00       .67617639E-01  .18088950E-01
  .15479158E+00       .68674458E-01  .18710060E-01
  .15750043E+00       .69743484E-01  .19351920E-01
  .16025669E+00       .70824645E-01  .20015189E-01
  .16306118E+00       .71917857E-01  .20700542E-01
  .16591475E+00       .73023024E-01  .21408677E-01
  .16881826E+00       .74140038E-01  .22140312E-01
  .17177258E+00       .75268780E-01  .22896184E-01
  .17477860E+00       .76409118E-01  .23677052E-01
  .17783722E+00       .77560908E-01  .24483698E-01
  .18094938E+00       .78723992E-01  .25316925E-01
  .18411599E+00       .79898202E-01  .26177561E-01
  .18733802E+00       .81083357E-01  .27066457E-01
  .19061644E+00       .82279264E-01  .27984489E-01
  .19395222E+00       .83485718E-01  .28932560E-01
  .19734639E+00       .84702502E-01  .29911597E-01
  .20079995E+00       .85929390E-01  .30922556E-01
  .20431395E+00       .87166144E-01  .31966421E-01
  .20788944E+00       .88412518E-01  .33044206E-01
  .21152751E+00       .89668256E-01  .34156956E-01
  .21522924E+00       .90933094E-01  .35305744E-01
  .21899575E+00       .92206762E-01  .36491680E-01
  .22282818E+00       .93488984E-01  .37715907E-01
  .22672767E+00       .94779481E-01  .38979602E-01
  .23069540E+00       .96077968E-01  .40283981E-01
  .23473257E+00       .97384162E-01  .41630295E-01
  .23884039E+00       .98697779E-01  .43019838E-01
  .24302010E+00       .10001854E+00  .44453943E-01
  .24727295E+00       .10134616E+00  .45933988E-01
  .25160023E+00       .10268038E+00  .47461393E-01
  .25600323E+00       .10402092E+00  .49037626E-01
  .26048329E+00       .10536754E+00  .50664201E-01
  .26504175E+00       .10671999E+00  .52342683E-01
  .26967998E+00       .10807805E+00  .54074685E-01
  .27439938E+00       .10944150E+00  .55861875E-01
  .27920136E+00       .11081016E+00  .57705973E-01
  .28408739E+00       .11218383E+00  .59608752E-01
  .28905892E+00       .11356238E+00  .61572043E-01
  .29411745E+00       .11494565E+00  .63597731E-01
  .29926450E+00       .11633354E+00  .65687758E-01
  .30450163E+00       .11772595E+00  .67844124E-01
  .30983041E+00       .11912280E+00  .70068884E-01
  .31525244E+00       .12052403E+00  .72364151E-01
  .32076936E+00       .12192959E+00  .74732092E-01
  .32638283E+00       .12333946E+00  .77174931E-01
  .33209453E+00       .12475360E+00  .79694943E-01
  .33790618E+00       .12617199E+00  .82294458E-01
  .34381954E+00       .12759457E+00  .84975858E-01
  .34983638E+00       .12902132E+00  .87741577E-01
  .35595852E+00       .13045214E+00  .90594101E-01
  .36218779E+00       .13188693E+00  .93535969E-01
  .36852608E+00       .13332553E+00  .96569774E-01
  .37497528E+00       .13476774E+00  .99698172E-01
  .38153735E+00       .13621327E+00  .10292388E+00
  .38821425E+00       .13766178E+00  .10624969E+00
  .39500800E+00       .13911281E+00  .10967847E+00
  .40192064E+00       .14056582E+00  .11321318E+00
  .40895425E+00       .14202017E+00  .11685688E+00
  .41611095E+00       .14347512E+00  .12061270E+00
  .42339290E+00       .14492983E+00  .12448390E+00
  .43080227E+00       .14638337E+00  .12847377E+00
  .43834131E+00       .14783471E+00  .13258574E+00
  .44601228E+00       .14928281E+00  .13682329E+00
  .45381750E+00       .15072659E+00  .14119002E+00
  .46175931E+00       .15216495E+00  .14568961E+00
  .46984009E+00       .15359687E+00  .15032584E+00
  .47806229E+00       .15502139E+00  .15510259E+00
  .48642838E+00       .15643759E+00  .16002385E+00
  .49494088E+00       .15784466E+00  .16509368E+00
  .50360235E+00       .15924175E+00  .17031630E+00
  .51241539E+00       .16062802E+00  .17569600E+00
  .52138266E+00       .16200259E+00  .18123719E+00
  .53050685E+00       .16336457E+00  .18694442E+00
  .53979072E+00       .16471306E+00  .19282231E+00
  .54923706E+00       .16604714E+00  .19887566E+00
  .55884871E+00       .16736587E+00  .20510936E+00
  .56862856E+00       .16866830E+00  .21152843E+00
  .57857956E+00       .16995346E+00  .21813803E+00
  .58870470E+00       .17122038E+00  .22494346E+00
  .59900704E+00       .17246804E+00  .23195015E+00
  .60948966E+00       .17369544E+00  .23916370E+00
  .62015573E+00       .17490157E+00  .24658982E+00
  .63100845E+00       .17608537E+00  .25423440E+00
  .64205110E+00       .17724581E+00  .26210349E+00
  .65328700E+00       .17838182E+00  .27020328E+00
  .66471952E+00       .17949234E+00  .27854017E+00
  .67635211E+00       .18057629E+00  .28712068E+00
  .68818827E+00       .18163258E+00  .29595156E+00
  .70023157E+00       .18266013E+00  .30503972E+00
  .71248562E+00       .18365782E+00  .31439226E+00
  .72495412E+00       .18462456E+00  .32401649E+00
  .73764082E+00       .18555924E+00  .33391994E+00
  .75054953E+00       .18646075E+00  .34411032E+00
  .76368415E+00       .18732797E+00  .35459558E+00
  .77704862E+00       .18815979E+00  .36538391E+00
  .79064697E+00       .18895509E+00  .37648372E+00
  .80448329E+00       .18971278E+00  .38790369E+00
  .81856175E+00       .19043173E+00  .39965274E+00
  .83288658E+00       .19111085E+00  .41174007E+00
  .84746209E+00       .19174904E+00  .42417516E+00
  .86229268E+00       .19234522E+00  .43696776E+00
  .87738280E+00       .19289830E+00  .45012797E+00
  .89273700E+00       .19340723E+00  .46366617E+00
  .90835990E+00       .19387094E+00  .47759309E+00
  .92425620E+00       .19428840E+00  .49191979E+00
  .94043068E+00       .19465859E+00  .50665772E+00
  .95688822E+00       .19498051E+00  .52181869E+00
  .97363376E+00       .19525316E+00  .53741492E+00
  .99067235E+00       .19547558E+00  .55345903E+00
  .10080091E+01       .19564685E+00  .56996409E+00
  .10256493E+01       .19576604E+00  .58694365E+00
  .10435981E+01       .19583226E+00  .00000000E+00
  .10618611E+01       .19584468E+00  .00000000E+00
  .10804437E+01       .19580245E+00  .00000000E+00
  .10993514E+01       .19570479E+00  .00000000E+00
  .11185901E+01       .19555094E+00  .00000000E+00
  .11381654E+01       .19534018E+00  .00000000E+00
  .11580833E+01       .19507185E+00  .00000000E+00
  .11783498E+01       .19474529E+00  .00000000E+00
  .11989709E+01       .19435991E+00  .00000000E+00
  .12199529E+01       .19391517E+00  .00000000E+00
  .12413021E+01       .19341057E+00  .00000000E+00
  .12630248E+01       .19284565E+00  .00000000E+00
  .12851278E+01       .19222001E+00  .00000000E+00
  .13076175E+01       .19153331E+00  .00000000E+00
  .13305008E+01       .19078525E+00  .00000000E+00
  .13537846E+01       .18997560E+00  .00000000E+00
  .13774758E+01       .18910419E+00  .00000000E+00
  .14015816E+01       .18817089E+00  .00000000E+00
  .14261093E+01       .18717566E+00  .00000000E+00
  .14510662E+01       .18611851E+00  .00000000E+00
  .14764599E+01       .18499951E+00  .00000000E+00
  .15022979E+01       .18381881E+00  .00000000E+00
  .15285882E+01       .18257662E+00  .00000000E+00
  .15553385E+01       .18127322E+00  .00000000E+00
  .15825569E+01       .17990898E+00  .00000000E+00
  .16102516E+01       .17848431E+00  .00000000E+00
  .16384310E+01       .17699972E+00  .00000000E+00
  .16671036E+01       .17545578E+00  .00000000E+00
  .16962779E+01       .17385315E+00  .00000000E+00
  .17259627E+01       .17219255E+00  .00000000E+00
  .17561671E+01       .17047480E+00  .00000000E+00
  .17869000E+01       .16870076E+00  .00000000E+00
  .18181708E+01       .16687142E+00  .00000000E+00
  .18499888E+01       .16498780E+00  .00000000E+00
  .18823636E+01       .16305103E+00  .00000000E+00
  .19153049E+01       .16106230E+00  .00000000E+00
  .19488228E+01       .15902289E+00  .00000000E+00
  .19829272E+01       .15693416E+00  .00000000E+00
  .20176284E+01       .15479754E+00  .00000000E+00
  .20529369E+01       .15261453E+00  .00000000E+00
  .20888633E+01       .15038673E+00  .00000000E+00
  .21254184E+01       .14811579E+00  .00000000E+00
  .21626132E+01       .14580344E+00  .00000000E+00
  .22004589E+01       .14345150E+00  .00000000E+00
  .22389670E+01       .14106184E+00  .00000000E+00
  .22781489E+01       .13863641E+00  .00000000E+00
  .23180165E+01       .13617720E+00  .00000000E+00
  .23585818E+01       .13368631E+00  .00000000E+00
  .23998570E+01       .13116586E+00  .00000000E+00
  .24418545E+01       .12861805E+00  .00000000E+00
  .24845869E+01       .12604514E+00  .00000000E+00
  .25280672E+01       .12344941E+00  .00000000E+00
  .25723084E+01       .12083323E+00  .00000000E+00
  .26173237E+01       .11819899E+00  .00000000E+00
  .26631269E+01       .11554912E+00  .00000000E+00
  .27097316E+01       .11288609E+00  .00000000E+00
  .27571519E+01       .11021242E+00  .00000000E+00
  .28054021E+01       .10753063E+00  .00000000E+00
  .28544966E+01       .10484327E+00  .00000000E+00
  .29044503E+01       .10215293E+00  .00000000E+00
  .29552782E+01       .99462183E-01  .00000000E+00
  .30069956E+01       .96773621E-01  .00000000E+00
  .30596180E+01       .94089838E-01  .00000000E+00
  .31131613E+01       .91413422E-01  .00000000E+00
  .31676416E+01       .88746952E-01  .00000000E+00
  .32230754E+01       .86092991E-01  .00000000E+00
  .32794792E+01       .83454077E-01  .00000000E+00
  .33368701E+01       .80832724E-01  .00000000E+00
  .33952653E+01       .78231408E-01  .00000000E+00
  .34546824E+01       .75652566E-01  .00000000E+00
  .35151394E+01       .73098590E-01  .00000000E+00
  .35766543E+01       .70571817E-01  .00000000E+00
  .36392458E+01       .68074524E-01  .00000000E+00
  .37029326E+01       .65608928E-01  .00000000E+00
  .37677339E+01       .63177170E-01  .00000000E+00
  .38336692E+01       .60781319E-01  .00000000E+00
  .39007584E+01       .58423360E-01  .00000000E+00
  .39690217E+01       .56105192E-01  .00000000E+00
  .40384796E+01       .53828621E-01  .00000000E+00
  .41091530E+01       .51595357E-01  .00000000E+00
  .41810632E+01       .49407008E-01  .00000000E+00
  .42542318E+01       .47265078E-01  .00000000E+00
  .43286808E+01       .45170961E-01  .00000000E+00
  .44044327E+01       .43125938E-01  .00000000E+00
  .44815103E+01       .41131175E-01  .00000000E+00
  .45599367E+01       .39187721E-01  .00000000E+00
  .46397356E+01       .37296501E-01  .00000000E+00
  .47209310E+01       .35458323E-01  .00000000E+00
  .48035473E+01       .33673870E-01  .00000000E+00
  .48876094E+01       .31943700E-01  .00000000E+00
  .49731425E+01       .30268248E-01  .00000000E+00
  .50601725E+01       .28647827E-01  .00000000E+00
  .51487256E+01       .27082625E-01  .00000000E+00
  .52388283E+01       .25572710E-01  .00000000E+00
  .53305078E+01       .24118030E-01  .00000000E+00
  .54237916E+01       .22718416E-01  .00000000E+00
  .55187080E+01       .21373584E-01  .00000000E+00
  .56152854E+01       .20083139E-01  .00000000E+00
  .57135529E+01       .18846579E-01  .00000000E+00
  .58135401E+01       .17663297E-01  .00000000E+00
  .59152770E+01       .16532588E-01  .00000000E+00
  .60187944E+01       .15453653E-01  .00000000E+00
  .61241233E+01       .14425605E-01  .00000000E+00
  .62312954E+01       .13447470E-01  .00000000E+00
  .63403431E+01       .12518201E-01  .00000000E+00
  .64512991E+01       .11636675E-01  .00000000E+00
  .65641968E+01       .10801706E-01  .00000000E+00
  .66790703E+01       .10012047E-01  .00000000E+00
  .67959540E+01       .92663995E-02  .00000000E+00
  .69148832E+01       .85634180E-02  .00000000E+00
  .70358936E+01       .79017166E-02  .00000000E+00
  .71590218E+01       .72798763E-02  .00000000E+00
  .72843047E+01       .66964511E-02  .00000000E+00
  .74117800E+01       .61499740E-02  .00000000E+00
  .75414861E+01       .56389638E-02  .00000000E+00
  .76734621E+01       .51619307E-02  .00000000E+00
  .78077477E+01       .47173824E-02  .00000000E+00
  .79443833E+01       .43038295E-02  .00000000E+00
  .80834100E+01       .39197912E-02  .00000000E+00
  .82248697E+01       .35638002E-02  .00000000E+00
  .83688049E+01       .32344074E-02  .00000000E+00
  .85152590E+01       .29301865E-02  .00000000E+00
  .86642760E+01       .26497382E-02  .00000000E+00
  .88159009E+01       .23916940E-02  .00000000E+00
  .89701791E+01       .21547195E-02  .00000000E+00
  .91271573E+01       .19375176E-02  .00000000E+00
  .92868825E+01       .17388311E-02  .00000000E+00
  .94494030E+01       .15574452E-02  .00000000E+00
  .96147675E+01       .13921894E-02  .00000000E+00
  .97830260E+01       .12419392E-02  .00000000E+00
  .99542289E+01       .11056171E-02  .00000000E+00
  .10128428E+02       .98219396E-03  .00000000E+00
  .10305675E+02       .87068947E-03  .00000000E+00
  .10486025E+02       .77017232E-03  .00000000E+00
  .10669530E+02       .67976036E-03  .00000000E+00
  .10856247E+02       .59862033E-03  .00000000E+00
  .11046231E+02       .52596735E-03  .00000000E+00
  .11239540E+02       .46106421E-03  .00000000E+00
  .11436232E+02       .40322037E-03  .00000000E+00
  .11636366E+02       .35179086E-03  .00000000E+00
  .11840003E+02       .30617498E-03  .00000000E+00
  .12047203E+02       .26581484E-03  .00000000E+00
  .12258029E+02       .23019380E-03  .00000000E+00
  .12472544E+02       .19883452E-03  .00000000E+00
  .12690814E+02       .17129895E-03  .00000000E+00
  .12912903E+02       .14718026E-03  .00000000E+00
  .13138879E+02       .12611469E-03  .00000000E+00
  .13368809E+02       .10777105E-03  .00000000E+00
  .13602763E+02       .91842545E-04  .00000000E+00
  .13840812E+02       .78049508E-04  .00000000E+00
  .14083026E+02       .66139303E-04  .00000000E+00
  .14329479E+02       .55884401E-04  .00000000E+00
  .14580245E+02       .47080504E-04  .00000000E+00
  .14835399E+02       .39544739E-04  .00000000E+00
  .15095019E+02       .33113922E-04  .00000000E+00
  .15359181E+02       .27642901E-04  .00000000E+00
  .15627967E+02       .23002980E-04  .00000000E+00
  .15901457E+02       .19080425E-04  .00000000E+00
  .16179732E+02       .15775059E-04  .00000000E+00
  .16462877E+02       .12998945E-04  .00000000E+00
  .16750978E+02       .10675151E-04  .00000000E+00
  .17044120E+02       .87366117E-05  .00000000E+00
  .17342392E+02       .71250664E-05  .00000000E+00
  .17645884E+02       .57900858E-05  .00000000E+00
  .17954687E+02       .46881788E-05  .00000000E+00
  .18268894E+02       .37819762E-05  .00000000E+00
  .18588599E+02       .30394905E-05  .00000000E+00
  .18913900E+02       .24334452E-05  .00000000E+00
  .19244893E+02       .19406716E-05  .00000000E+00
  .19581679E+02       .15415677E-05  .00000000E+00
  .19924358E+02       .12196159E-05  .00000000E+00
  .20273034E+02       .96095460E-06  .00000000E+00
  .20627813E+02       .75399886E-06  .00000000E+00
  .20988799E+02       .58910775E-06  .00000000E+00
  .21356103E+02       .45829241E-06  .00000000E+00
  .21729835E+02       .00000000E+00  .00000000E+00
  .22110107E+02       .00000000E+00  .00000000E+00
  .22497034E+02       .00000000E+00  .00000000E+00
  .22890732E+02       .00000000E+00  .00000000E+00
  .23291320E+02       .00000000E+00  .00000000E+00
  .23698918E+02       .00000000E+00  .00000000E+00
  .24113649E+02       .00000000E+00  .00000000E+00
  .24535638E+02       .00000000E+00  .00000000E+00
  .24965012E+02       .00000000E+00  .00000000E+00
  .25401899E+02       .00000000E+00  .00000000E+00
  .25846433E+02       .00000000E+00  .00000000E+00
  .26298745E+02       .00000000E+00  .00000000E+00
  .26758973E+02       .00000000E+00  .00000000E+00
  .27227255E+02       .00000000E+00  .00000000E+00
  .27703732E+02       .00000000E+00  .00000000E+00
  .28188547E+02       .00000000E+00  .00000000E+00
  .28681847E+02       .00000000E+00  .00000000E+00
  .29183779E+02       .00000000E+00  .00000000E+00
  .29694496E+02       .00000000E+00  .00000000E+00
  .30214149E+02       .00000000E+00  .00000000E+00
  .30742897E+02       .00000000E+00  .00000000E+00
  .31280897E+02       .00000000E+00  .00000000E+00
  .31828313E+02       .00000000E+00  .00000000E+00
  .32385309E+02       .00000000E+00  .00000000E+00
  .32952052E+02       .00000000E+00  .00000000E+00
  .33528712E+02       .00000000E+00  .00000000E+00
  .34115465E+02       .00000000E+00  .00000000E+00
  .34712486E+02       .00000000E+00  .00000000E+00
  .35319954E+02       .00000000E+00  .00000000E+00
  .35938053E+02       .00000000E+00  .00000000E+00
  .36566969E+02       .00000000E+00  .00000000E+00
  .37206891E+02       .00000000E+00  .00000000E+00
  .37858012E+02       .00000000E+00  .00000000E+00
  .38520527E+02       .00000000E+00  .00000000E+00
  .39194636E+02       .00000000E+00  .00000000E+00
  .39880542E+02       .00000000E+00  .00000000E+00
  .40578452E+02       .00000000E+00  .00000000E+00
  .41288575E+02       .00000000E+00  .00000000E+00
  .42011125E+02       .00000000E+00  .00000000E+00
  .42746319E+02       .00000000E+00  .00000000E+00
  .43494380E+02       .00000000E+00  .00000000E+00
&END  
&ATDENS  
   511
  .62500000E-02       .56179324E+04
  .63593750E-02       .54263484E+04
  .64706641E-02       .52412978E+04
  .65839007E-02       .50625579E+04
  .66991189E-02       .48899127E+04
  .68163535E-02       .47231532E+04
  .69356397E-02       .45620790E+04
  .70570134E-02       .44064962E+04
  .71805111E-02       .42562177E+04
  .73061701E-02       .41110627E+04
  .74340281E-02       .39708565E+04
  .75641236E-02       .38354303E+04
  .76964957E-02       .37046214E+04
  .78311844E-02       .35782722E+04
  .79682301E-02       .34562307E+04
  .81076741E-02       .33383501E+04
  .82495584E-02       .32244886E+04
  .83939257E-02       .31145091E+04
  .85408194E-02       .30082792E+04
  .86902838E-02       .29056712E+04
  .88423637E-02       .28065616E+04
  .89971051E-02       .27108312E+04
  .91545544E-02       .26183646E+04
  .93147591E-02       .25290507E+04
  .94777674E-02       .24427820E+04
  .96436283E-02       .23594547E+04
  .98123918E-02       .22789684E+04
  .99841087E-02       .22012263E+04
  .10158831E-01       .21261349E+04
  .10336610E-01       .20536038E+04
  .10517501E-01       .19835458E+04
  .10701557E-01       .19158764E+04
  .10888834E-01       .18505143E+04
  .11079389E-01       .17873807E+04
  .11273278E-01       .17263999E+04
  .11470561E-01       .16674982E+04
  .11671295E-01       .16106049E+04
  .11875543E-01       .15556514E+04
  .12083365E-01       .15025717E+04
  .12294824E-01       .14513018E+04
  .12509983E-01       .14017801E+04
  .12728908E-01       .13539469E+04
  .12951664E-01       .13077447E+04
  .13178318E-01       .12631178E+04
  .13408939E-01       .12200126E+04
  .13643595E-01       .11783772E+04
  .13882358E-01       .11381614E+04
  .14125299E-01       .10993169E+04
  .14372492E-01       .10617969E+04
  .14624011E-01       .10255563E+04
  .14879931E-01       .99055134E+03
  .15140330E-01       .95674000E+03
  .15405285E-01       .92408156E+03
  .15674878E-01       .89253671E+03
  .15949188E-01       .86206747E+03
  .16228299E-01       .83263718E+03
  .16512294E-01       .80421041E+03
  .16801259E-01       .77675294E+03
  .17095281E-01       .75023173E+03
  .17394449E-01       .72461485E+03
  .17698852E-01       .69987147E+03
  .18008582E-01       .67597180E+03
  .18323732E-01       .65288708E+03
  .18644397E-01       .63058952E+03
  .18970674E-01       .60905227E+03
  .19302661E-01       .58824942E+03
  .19640457E-01       .56815593E+03
  .19984165E-01       .54874760E+03
  .20333888E-01       .53000108E+03
  .20689731E-01       .51189380E+03
  .21051802E-01       .49440396E+03
  .21420208E-01       .47751051E+03
  .21795062E-01       .46119312E+03
  .22176475E-01       .44543213E+03
  .22564564E-01       .43020859E+03
  .22959444E-01       .41550416E+03
  .23361234E-01       .40130115E+03
  .23770055E-01       .38758245E+03
  .24186031E-01       .37433156E+03
  .24609287E-01       .36153252E+03
  .25039950E-01       .34916992E+03
  .25478149E-01       .33722888E+03
  .25924016E-01       .32569504E+03
  .26377687E-01       .31455449E+03
  .26839296E-01       .30379384E+03
  .27308984E-01       .29340013E+03
  .27786891E-01       .28336084E+03
  .28273162E-01       .27366390E+03
  .28767942E-01       .26429763E+03
  .29271381E-01       .25525074E+03
  .29783630E-01       .24651236E+03
  .30304844E-01       .23807197E+03
  .30835178E-01       .22991939E+03
  .31374794E-01       .22204483E+03
  .31923853E-01       .21443879E+03
  .32482520E-01       .20709212E+03
  .33050964E-01       .19999598E+03
  .33629356E-01       .19314183E+03
  .34217870E-01       .18652141E+03
  .34816683E-01       .18012675E+03
  .35425975E-01       .17395016E+03
  .36045929E-01       .16798420E+03
  .36676733E-01       .16222168E+03
  .37318576E-01       .15665568E+03
  .37971651E-01       .15127949E+03
  .38636155E-01       .14608663E+03
  .39312287E-01       .14107086E+03
  .40000252E-01       .13622614E+03
  .40700257E-01       .13154663E+03
  .41412511E-01       .12702670E+03
  .42137230E-01       .12266092E+03
  .42874632E-01       .11844402E+03
  .43624938E-01       .11437092E+03
  .44388374E-01       .11043674E+03
  .45165171E-01       .10663671E+03
  .45955561E-01       .10296629E+03
  .46759784E-01       .99421034E+02
  .47578080E-01       .95996687E+02
  .48410696E-01       .92689124E+02
  .49257883E-01       .89494363E+02
  .50119896E-01       .86408557E+02
  .50996995E-01       .83427993E+02
  .51889442E-01       .80549080E+02
  .52797507E-01       .77768355E+02
  .53721464E-01       .75082468E+02
  .54661589E-01       .72488187E+02
  .55618167E-01       .69982387E+02
  .56591485E-01       .67562053E+02
  .57581836E-01       .65224271E+02
  .58589518E-01       .62966226E+02
  .59614835E-01       .60785199E+02
  .60658094E-01       .58678566E+02
  .61719611E-01       .56643789E+02
  .62799704E-01       .54678420E+02
  .63898699E-01       .52780091E+02
  .65016926E-01       .50946518E+02
  .66154722E-01       .49175494E+02
  .67312430E-01       .47464886E+02
  .68490398E-01       .45812635E+02
  .69688980E-01       .44216751E+02
  .70908537E-01       .42675314E+02
  .72149436E-01       .41186468E+02
  .73412051E-01       .39748421E+02
  .74696762E-01       .38359441E+02
  .76003955E-01       .37017856E+02
  .77334025E-01       .35722051E+02
  .78687370E-01       .34470467E+02
  .80064399E-01       .33261596E+02
  .81465526E-01       .32093983E+02
  .82891173E-01       .30966224E+02
  .84341768E-01       .29876960E+02
  .85817749E-01       .28824880E+02
  .87319560E-01       .27808717E+02
  .88847652E-01       .26827250E+02
  .90402486E-01       .25879295E+02
  .91984530E-01       .24963713E+02
  .93594259E-01       .24079400E+02
  .95232158E-01       .23225294E+02
  .96898721E-01       .22400365E+02
  .98594449E-01       .21603621E+02
  .10031985E+00       .20834103E+02
  .10207545E+00       .20090885E+02
  .10386177E+00       .19373073E+02
  .10567935E+00       .18679803E+02
  .10752874E+00       .18010240E+02
  .10941049E+00       .17363579E+02
  .11132518E+00       .16739041E+02
  .11327337E+00       .16135877E+02
  .11525565E+00       .15553359E+02
  .11727262E+00       .14990787E+02
  .11932489E+00       .14447484E+02
  .12141308E+00       .13922797E+02
  .12353781E+00       .13416095E+02
  .12569972E+00       .12926768E+02
  .12789947E+00       .12454228E+02
  .13013771E+00       .11997907E+02
  .13241512E+00       .11557256E+02
  .13473238E+00       .11131745E+02
  .13709020E+00       .10720862E+02
  .13948928E+00       .10324115E+02
  .14193034E+00       .99410253E+01
  .14441412E+00       .95711333E+01
  .14694137E+00       .92139944E+01
  .14951284E+00       .88691795E+01
  .15212932E+00       .85362743E+01
  .15479158E+00       .82148789E+01
  .15750043E+00       .79046071E+01
  .16025669E+00       .76050864E+01
  .16306118E+00       .73159570E+01
  .16591475E+00       .70368715E+01
  .16881826E+00       .67674949E+01
  .17177258E+00       .65075035E+01
  .17477860E+00       .62565852E+01
  .17783722E+00       .60144384E+01
  .18094938E+00       .57807723E+01
  .18411599E+00       .55553060E+01
  .18733802E+00       .53377686E+01
  .19061644E+00       .51278986E+01
  .19395222E+00       .49254433E+01
  .19734639E+00       .47301592E+01
  .20079995E+00       .45418111E+01
  .20431395E+00       .43601719E+01
  .20788944E+00       .41850224E+01
  .21152751E+00       .40161511E+01
  .21522924E+00       .38533536E+01
  .21899575E+00       .36964327E+01
  .22282818E+00       .35451978E+01
  .22672767E+00       .33994649E+01
  .23069540E+00       .32590563E+01
  .23473257E+00       .31238001E+01
  .23884039E+00       .29935303E+01
  .24302010E+00       .28680864E+01
  .24727295E+00       .27473131E+01
  .25160023E+00       .26310602E+01
  .25600323E+00       .25191822E+01
  .26048329E+00       .24115386E+01
  .26504175E+00       .23079927E+01
  .26967998E+00       .22084125E+01
  .27439938E+00       .21126699E+01
  .27920136E+00       .20206403E+01
  .28408739E+00       .19322029E+01
  .28905892E+00       .18472406E+01
  .29411745E+00       .17656391E+01
  .29926450E+00       .16872874E+01
  .30450163E+00       .16120774E+01
  .30983041E+00       .15399038E+01
  .31525244E+00       .14706639E+01
  .32076936E+00       .14042575E+01
  .32638283E+00       .13405867E+01
  .33209453E+00       .12795561E+01
  .33790618E+00       .12210722E+01
  .34381954E+00       .11650437E+01
  .34983638E+00       .11113812E+01
  .35595852E+00       .10599975E+01
  .36218779E+00       .10108071E+01
  .36852608E+00       .96372640E+00
  .37497528E+00       .91867380E+00
  .38153735E+00       .87556952E+00
  .38821425E+00       .83433573E+00
  .39500800E+00       .79489660E+00
  .40192064E+00       .75717836E+00
  .40895425E+00       .72110938E+00
  .41611095E+00       .68662028E+00
  .42339290E+00       .65364406E+00
  .43080227E+00       .62211621E+00
  .43834131E+00       .59197482E+00
  .44601228E+00       .56316071E+00
  .45381750E+00       .53561752E+00
  .46175931E+00       .50929175E+00
  .46984009E+00       .48413275E+00
  .47806229E+00       .46009262E+00
  .48642838E+00       .43712598E+00
  .49494088E+00       .41518961E+00
  .50360235E+00       .39424203E+00
  .51241539E+00       .37424323E+00
  .52138266E+00       .35515470E+00
  .53050685E+00       .33693935E+00
  .53979072E+00       .31956145E+00
  .54923706E+00       .30298662E+00
  .55884871E+00       .28718171E+00
  .56862856E+00       .27211486E+00
  .57857956E+00       .25775535E+00
  .58870470E+00       .24407363E+00
  .59900704E+00       .23104127E+00
  .60948966E+00       .21863087E+00
  .62015573E+00       .20681611E+00
  .63100845E+00       .19557162E+00
  .64205110E+00       .18487303E+00
  .65328700E+00       .17469687E+00
  .66471952E+00       .16502058E+00
  .67635211E+00       .15582246E+00
  .68818827E+00       .14708163E+00
  .70023157E+00       .13877805E+00
  .71248562E+00       .13089240E+00
  .72495412E+00       .12340617E+00
  .73764082E+00       .11630153E+00
  .75054953E+00       .10956136E+00
  .76368415E+00       .10316922E+00
  .77704862E+00       .97109307E-01
  .79064697E+00       .91366453E-01
  .80448329E+00       .85926089E-01
  .81856175E+00       .80774232E-01
  .83288658E+00       .75897458E-01
  .84746209E+00       .71282886E-01
  .86229268E+00       .66918160E-01
  .87738280E+00       .62791426E-01
  .89273700E+00       .58891316E-01
  .90835990E+00       .55206934E-01
  .92425620E+00       .51727832E-01
  .94043068E+00       .48444001E-01
  .95688822E+00       .45345851E-01
  .97363376E+00       .42424196E-01
  .99067235E+00       .39670243E-01
  .10080091E+01       .37075572E-01
  .10256493E+01       .34632128E-01
  .10435981E+01       .32332203E-01
  .10618611E+01       .30168428E-01
  .10804437E+01       .28133755E-01
  .10993514E+01       .26221449E-01
  .11185901E+01       .24425077E-01
  .11381654E+01       .22738491E-01
  .11580833E+01       .21155825E-01
  .11783498E+01       .19671479E-01
  .11989709E+01       .18280111E-01
  .12199529E+01       .16976625E-01
  .12413021E+01       .15756164E-01
  .12630248E+01       .14614101E-01
  .12851278E+01       .13546027E-01
  .13076175E+01       .12547745E-01
  .13305008E+01       .11615262E-01
  .13537846E+01       .10744777E-01
  .13774758E+01       .99326779E-02
  .14015816E+01       .91755324E-02
  .14261093E+01       .84700792E-02
  .14510662E+01       .78132222E-02
  .14764599E+01       .72020234E-02
  .15022979E+01       .66336965E-02
  .15285882E+01       .61056001E-02
  .15553385E+01       .56152317E-02
  .15825569E+01       .51602218E-02
  .16102516E+01       .47383279E-02
  .16384310E+01       .43474291E-02
  .16671036E+01       .39855205E-02
  .16962779E+01       .36507083E-02
  .17259627E+01       .33412046E-02
  .17561671E+01       .30553223E-02
  .17869000E+01       .27914708E-02
  .18181708E+01       .25481515E-02
  .18499888E+01       .23239528E-02
  .18823636E+01       .21175470E-02
  .19153049E+01       .19276851E-02
  .19488228E+01       .17531938E-02
  .19829272E+01       .15929712E-02
  .20176284E+01       .14459836E-02
  .20529369E+01       .13112617E-02
  .20888633E+01       .11878975E-02
  .21254184E+01       .10750409E-02
  .21626132E+01       .97189684E-03
  .22004589E+01       .87772233E-03
  .22389670E+01       .79182347E-03
  .22781489E+01       .71355289E-03
  .23180165E+01       .64230712E-03
  .23585818E+01       .57752411E-03
  .23998570E+01       .51868085E-03
  .24418545E+01       .46529114E-03
  .24845869E+01       .41690339E-03
  .25280672E+01       .37309860E-03
  .25723084E+01       .33348835E-03
  .26173237E+01       .29771294E-03
  .26631269E+01       .26543965E-03
  .27097316E+01       .23636096E-03
  .27571519E+01       .21019300E-03
  .28054021E+01       .18667402E-03
  .28544966E+01       .16556289E-03
  .29044503E+01       .14663777E-03
  .29552782E+01       .12969478E-03
  .30069956E+01       .11454676E-03
  .30596180E+01       .10102215E-03
  .31131613E+01       .88963823E-04
  .31676416E+01       .78228090E-04
  .32230754E+01       .68683710E-04
  .32794792E+01       .60210967E-04
  .33368701E+01       .52700804E-04
  .33952653E+01       .46054008E-04
  .34546824E+01       .40180451E-04
  .35151394E+01       .34998369E-04
  .35766543E+01       .30433698E-04
  .36392458E+01       .26419445E-04
  .37029326E+01       .22895106E-04
  .37677339E+01       .19806122E-04
  .38336692E+01       .17103370E-04
  .39007584E+01       .14742693E-04
  .39690217E+01       .12684466E-04
  .40384796E+01       .10893186E-04
  .41091530E+01       .93370997E-05
  .41810632E+01       .79878554E-05
  .42542318E+01       .68201853E-05
  .43286808E+01       .58116092E-05
  .44044327E+01       .49421644E-05
  .44815103E+01       .41941566E-05
  .45599367E+01       .35519327E-05
  .46397356E+01       .30016720E-05
  .47209310E+01       .25311960E-05
  .48035473E+01       .21297948E-05
  .48876094E+01       .17880698E-05
  .49731425E+01       .14977900E-05
  .50601725E+01       .12517629E-05
  .51487256E+01       .10437165E-05
  .52388283E+01       .86819417E-06
  .53305078E+01       .72045914E-06
  .54237916E+01       .59640890E-06
  .55187080E+01       .49249866E-06
  .56152854E+01       .40567278E-06
  .57135529E+01       .33330363E-06
  .58135401E+01       .27313720E-06
  .59152770E+01       .22324479E-06
  .60187944E+01       .18198027E-06
  .61241233E+01       .14794230E-06
  .62312954E+01       .11994104E-06
  .63403431E+01       .96968970E-07
  .64512991E+01       .78175215E-07
  .65641968E+01       .62843200E-07
  .66790703E+01       .50371130E-07
  .67959540E+01       .40255046E-07
  .69148832E+01       .32074131E-07
  .70358936E+01       .25478030E-07
  .71590218E+01       .20175916E-07
  .72843047E+01       .15927111E-07
  .74117800E+01       .12533042E-07
  .75414861E+01       .98303926E-08
  .76734621E+01       .76852662E-08
  .78077477E+01       .59882382E-08
  .79443833E+01       .46501756E-08
  .80834100E+01       .35987149E-08
  .82248697E+01       .27753042E-08
  .83688049E+01       .21327289E-08
  .85152590E+01       .16330484E-08
  .86642760E+01       .12458817E-08
  .88159009E+01       .94698792E-09
  .89701791E+01       .71709555E-09
  .91271573E+01       .54094010E-09
  .92868825E+01       .40647608E-09
  .94494030E+01       .30423423E-09
  .96147675E+01       .22679920E-09
  .97830260E+01       .16838671E-09
  .99542289E+01       .12450276E-09
  .10128428E+02       .91669815E-10
  .10305675E+02       .67207966E-10
  .10486025E+02       .49060537E-10
  .10669530E+02       .35655825E-10
  .10856247E+02       .25797883E-10
  .11046231E+02       .18580657E-10
  .11239540E+02       .13320749E-10
  .11436232E+02       .95050204E-11
  .11636366E+02       .67499346E-11
  .11840003E+02       .47701517E-11
  .12047203E+02       .33543901E-11
  .12258029E+02       .23469545E-11
  .12472544E+02       .16336663E-11
  .12690814E+02       .11312316E-11
  .12912903E+02       .77911859E-12
  .13138879E+02       .53370115E-12
  .13368809E+02       .36360791E-12
  .13602763E+02       .24636513E-12
  .13840812E+02       .16599465E-12
  .14083026E+02       .11120781E-12
  .14329479E+02       .74072944E-13
  .14580245E+02       .49048185E-13
  .14835399E+02       .32283490E-13
  .15095019E+02       .21119645E-13
  .15359181E+02       .13730772E-13
  .15627967E+02       .88707071E-14
  .15901457E+02       .56941441E-14
  .16179732E+02       .36312546E-14
  .16462877E+02       .23003463E-14
  .16750978E+02       .14473962E-14
  .17044120E+02       .90445665E-15
  .17342392E+02       .56123125E-15
  .17645884E+02       .34577720E-15
  .17954687E+02       .21149349E-15
  .18268894E+02       .12840697E-15
  .18588599E+02       .77377538E-16
  .18913900E+02       .46272056E-16
  .19244893E+02       .27456303E-16
  .19581679E+02       .16163131E-16
  .19924358E+02       .94386271E-17
  .20273034E+02       .54667688E-17
  .20627813E+02       .31399930E-17
  .20988799E+02       .17882947E-17
  .21356103E+02       .10097114E-17
  .21729835E+02       .00000000E+00
  .22110107E+02       .00000000E+00
  .22497034E+02       .00000000E+00
  .22890732E+02       .00000000E+00
  .23291320E+02       .00000000E+00
  .23698918E+02       .00000000E+00
  .24113649E+02       .00000000E+00
  .24535638E+02       .00000000E+00
  .24965012E+02       .00000000E+00
  .25401899E+02       .00000000E+00
  .25846433E+02       .00000000E+00
  .26298745E+02       .00000000E+00
  .26758973E+02       .00000000E+00
  .27227255E+02       .00000000E+00
  .27703732E+02       .00000000E+00
  .28188547E+02       .00000000E+00
  .28681847E+02       .00000000E+00
  .29183779E+02       .00000000E+00
  .29694496E+02       .00000000E+00
  .30214149E+02       .00000000E+00
  .30742897E+02       .00000000E+00
  .31280897E+02       .00000000E+00
  .31828313E+02       .00000000E+00
  .32385309E+02       .00000000E+00
  .32952052E+02       .00000000E+00
  .33528712E+02       .00000000E+00
  .34115465E+02       .00000000E+00
  .34712486E+02       .00000000E+00
  .35319954E+02       .00000000E+00
  .35938053E+02       .00000000E+00
  .36566969E+02       .00000000E+00
  .37206891E+02       .00000000E+00
  .37858012E+02       .00000000E+00
  .38520527E+02       .00000000E+00
  .39194636E+02       .00000000E+00
  .39880542E+02       .00000000E+00
  .40578452E+02       .00000000E+00
  .41288575E+02       .00000000E+00
  .42011125E+02       .00000000E+00
  .42746319E+02       .00000000E+00
  .43494380E+02       .00000000E+00
&END  
