&ATOM  
 Z  =   15
 ZV =    5
 XC = 1100        .666667
 TYPE = NORMCONSERVING BHS
&END   
&INFO  
    ============================================================
    |    PHOSPHOROUS SGS PSEUDOPOTENTIAL                       |
    ============================================================
&END  
&POTENTIAL
    BHS
              1.4989    2.5900    -.4989    1.0300
              2.9000      -19664.1332508        2780.1263398
              3.3800      -21054.4318108       17368.0391111
              3.7900       40731.8110957        6016.8573472
              1.6900        -518.4636354          59.3132091
              2.1100         -85.9452693         365.9393039
              2.6500         611.7855210         126.6424620
              2.2500      306562.5368137      -25211.3389691
              2.5500     1674505.1344564     -271790.4605026
              2.7200    -1981063.0513931     -131753.8221630
&END 
&WAVEFUNCTION
       252      1.049999948
        .6666667E-03        .1526237E-03        .2354720E-06
        .7000000E-03        .1602549E-03        .2596079E-06
        .7349999E-03        .1682677E-03        .2862177E-06
        .7717499E-03        .1766810E-03        .3155550E-06
        .8103373E-03        .1855151E-03        .3478994E-06
        .8508542E-03        .1947908E-03        .3835591E-06
        .8933968E-03        .2045304E-03        .4228740E-06
        .9380666E-03        .2147569E-03        .4662186E-06
        .9849699E-03        .2254948E-03        .5140061E-06
        .1034218E-02        .2367695E-03        .5666918E-06
        .1085929E-02        .2486080E-03        .6247778E-06
        .1140226E-02        .2610385E-03        .6888176E-06
        .1197237E-02        .2740904E-03        .7594215E-06
        .1257099E-02        .2877950E-03        .8372623E-06
        .1319954E-02        .3021848E-03        .9230818E-06
        .1385951E-02        .3172941E-03        .1017698E-05
        .1455249E-02        .3331589E-03        .1122012E-05
        .1528011E-02        .3498170E-03        .1237018E-05
        .1604411E-02        .3673079E-03        .1363813E-05
        .1684632E-02        .3856735E-03        .1503604E-05
        .1768863E-02        .4049574E-03        .1657723E-05
        .1857307E-02        .4252054E-03        .1827640E-05
        .1950172E-02        .4464660E-03        .2014973E-05
        .2047680E-02        .4687896E-03        .2221508E-05
        .2150064E-02        .4922294E-03        .2449213E-05
        .2257567E-02        .5168413E-03        .2700257E-05
        .2370446E-02        .5426838E-03        .2977034E-05
        .2488968E-02        .5698186E-03        .3282180E-05
        .2613416E-02        .5983102E-03        .3618604E-05
        .2744087E-02        .6282265E-03        .3989511E-05
        .2881291E-02        .6596387E-03        .4398436E-05
        .3025355E-02        .6926216E-03        .4849275E-05
        .3176623E-02        .7272539E-03        .5346326E-05
        .3335454E-02        .7636180E-03        .5894324E-05
        .3502226E-02        .8018006E-03        .6498492E-05
        .3677338E-02        .8418925E-03        .7164588E-05
        .3861204E-02        .8839893E-03        .7898957E-05
        .4054264E-02        .9281913E-03        .8708600E-05
        .4256977E-02        .9746039E-03        .9601230E-05
        .4469826E-02        .1023338E-02        .1058536E-04
        .4693317E-02        .1074508E-02        .1167035E-04
        .4927983E-02        .1128238E-02        .1286656E-04
        .5174382E-02        .1184656E-02        .1418538E-04
        .5433101E-02        .1243895E-02        .1563938E-04
        .5704755E-02        .1306097E-02        .1724241E-04
        .5989993E-02        .1371410E-02        .1900975E-04
        .6289492E-02        .1439990E-02        .2095824E-04
        .6603966E-02        .1512001E-02        .2310645E-04
        .6934164E-02        .1587614E-02        .2547485E-04
        .7280872E-02        .1667009E-02        .2808601E-04
        .7644916E-02        .1750377E-02        .3096481E-04
        .8027161E-02        .1837916E-02        .3413868E-04
        .8428519E-02        .1929835E-02        .3763786E-04
        .8849944E-02        .2026354E-02        .4149571E-04
        .9292441E-02        .2127703E-02        .4574898E-04
        .9757063E-02        .2234124E-02        .5043819E-04
        .1024492E-01        .2345873E-02        .5560804E-04
        .1075716E-01        .2463215E-02        .6130779E-04
        .1129502E-01        .2586432E-02        .6759174E-04
        .1185977E-01        .2715819E-02        .7451977E-04
        .1245276E-01        .2851685E-02        .8215790E-04
        .1307539E-01        .2994356E-02        .9057890E-04
        .1372916E-01        .3144175E-02        .9986302E-04
        .1441562E-01        .3301501E-02        .1100987E-03
        .1513640E-01        .3466712E-02        .1213835E-03
        .1589322E-01        .3640204E-02        .1338249E-03
        .1668788E-01        .3822396E-02        .1475415E-03
        .1752227E-01        .4013726E-02        .1626639E-03
        .1839839E-01        .4214656E-02        .1793362E-03
        .1931830E-01        .4425670E-02        .1977173E-03
        .2028422E-01        .4647280E-02        .2179822E-03
        .2129843E-01        .4880022E-02        .2403240E-03
        .2236335E-01        .5124460E-02        .2649556E-03
        .2348152E-01        .5381190E-02        .2921116E-03
        .2465559E-01        .5650835E-02        .3220507E-03
        .2588837E-01        .5934055E-02        .3550580E-03
        .2718279E-01        .6231544E-02        .3914479E-03
        .2854192E-01        .6544030E-02        .4315670E-03
        .2996902E-01        .6872284E-02        .4757974E-03
        .3146747E-01        .7217117E-02        .5245602E-03
        .3304084E-01        .7579384E-02        .5783199E-03
        .3469288E-01        .7959986E-02        .6375883E-03
        .3642752E-01        .8359876E-02        .7029296E-03
        .3824890E-01        .8780059E-02        .7749659E-03
        .4016134E-01        .9221595E-02        .8543829E-03
        .4216941E-01        .9685609E-02        .9419364E-03
        .4427787E-01        .1017328E-01        .1038460E-02
        .4649177E-01        .1068588E-01        .1144871E-02
        .4881635E-01        .1122473E-01        .1262183E-02
        .5125717E-01        .1179123E-01        .1391512E-02
        .5382002E-01        .1238689E-01        .1534087E-02
        .5651102E-01        .1301330E-01        .1691263E-02
        .5933657E-01        .1367214E-01        .1864536E-02
        .6230339E-01        .1436521E-01        .2055552E-02
        .6541856E-01        .1509443E-01        .2266125E-02
        .6868949E-01        .1586183E-01        .2498256E-02
        .7212396E-01        .1666961E-01        .2754149E-02
        .7573015E-01        .1752009E-01        .3036231E-02
        .7951666E-01        .1841578E-01        .3347180E-02
        .8349248E-01        .1935935E-01        .3689944E-02
        .8766711E-01        .2035370E-01        .4067771E-02
        .9205046E-01        .2140193E-01        .4484240E-02
        .9665297E-01        .2250739E-01        .4943293E-02
        .1014856E+00        .2367371E-01        .5449272E-02
        .1065599E+00        .2490479E-01        .6006960E-02
        .1118879E+00        .2620492E-01        .6621623E-02
        .1174823E+00        .2757871E-01        .7299060E-02
        .1233564E+00        .2903122E-01        .8045654E-02
        .1295242E+00        .3056797E-01        .8868432E-02
        .1360004E+00        .3219501E-01        .9775129E-02
        .1428004E+00        .3391898E-01        .1077425E-01
        .1499404E+00        .3574718E-01        .1187517E-01
        .1574374E+00        .3768769E-01        .1308817E-01
        .1653093E+00        .3974941E-01        .1442457E-01
        .1735748E+00        .4194224E-01        .1589682E-01
        .1822535E+00        .4427716E-01        .1751858E-01
        .1913662E+00        .4676641E-01        .1930487E-01
        .2009345E+00        .4942365E-01        .2127217E-01
        .2109812E+00        .5226416E-01        .2343856E-01
        .2215302E+00        .5530510E-01        .2582387E-01
        .2326067E+00        .5856570E-01        .2844981E-01
        .2442370E+00        .6206764E-01        .3134018E-01
        .2564489E+00        .6583537E-01        .3452098E-01
        .2692713E+00        .6989647E-01        .3802065E-01
        .2827349E+00        .7428218E-01        .4187018E-01
        .2968716E+00        .7902784E-01        .4610339E-01
        .3117152E+00        .8417353E-01        .5075704E-01
        .3273009E+00        .8976473E-01        .5587105E-01
        .3436659E+00        .9585303E-01        .6148866E-01
        .3608492E+00        .1024970E+00        .6765659E-01
        .3788917E+00        .1097630E+00        .7442514E-01
        .3978362E+00        .1177265E+00        .8184828E-01
        .4177280E+00        .1264724E+00        .8998362E-01
        .4386144E+00        .1360969E+00        .9889236E-01
        .4605451E+00        .1467079E+00        .1086390E+00
        .4835723E+00        .1584260E+00        .1192912E+00
        .5077509E+00        .1713850E+00        .1309187E+00
        .5331384E+00        .1857320E+00        .1435930E+00
        .5597953E+00        .2016263E+00        .1573860E+00
        .5877851E+00        .2192377E+00        .1723683E+00
        .6171743E+00        .2387423E+00        .1886071E+00
        .6480330E+00        .2603165E+00        .2061638E+00
        .6804346E+00        .2841272E+00        .2250904E+00
        .7144563E+00        .3103192E+00        .2454257E+00
        .7501791E+00        .3389962E+00        .2671900E+00
        .7876880E+00        .3701988E+00        .2903798E+00
        .8270724E+00        .4038767E+00        .3149608E+00
        .8684260E+00        .4398584E+00        .3408608E+00
        .9118472E+00        .4778211E+00        .3679622E+00
        .9574395E+00        .5172656E+00        .3960937E+00
        .1005311E+01        .5575028E+00        .4250237E+00
        .1055577E+01        .5976581E+00        .4544542E+00
        .1108356E+01        .6367015E+00        .4840178E+00
        .1163774E+01        .6735024E+00        .5132785E+00
        .1221962E+01        .7069081E+00        .5417380E+00
        .1283060E+01        .7358332E+00        .5688483E+00
        .1347213E+01        .7593447E+00        .5940317E+00
        .1414574E+01        .7767263E+00        .6167076E+00
        .1485302E+01        .7875100E+00        .6363244E+00
        .1559567E+01        .7914745E+00        .6523927E+00
        .1637546E+01        .7886181E+00        .6645159E+00
        .1719423E+01        .7791210E+00        .6724127E+00
        .1805394E+01        .7633099E+00        .6759274E+00
        .1895664E+01        .7416321E+00        .6750277E+00
        .1990447E+01        .7146372E+00        .6697912E+00
        .2089969E+01        .6829620E+00        .6603851E+00
        .2194467E+01        .6473124E+00        .6470451E+00
        .2304191E+01        .6084433E+00        .6300572E+00
        .2419400E+01        .5671343E+00        .6097454E+00
        .2540370E+01        .5241700E+00        .5864635E+00
        .2667388E+01        .4803121E+00        .5605892E+00
        .2800757E+01        .4362877E+00        .5325192E+00
        .2940795E+01        .3927716E+00        .5026630E+00
        .3087835E+01        .3503732E+00        .4714375E+00
        .3242226E+01        .3096265E+00        .4392573E+00
        .3404338E+01        .2709825E+00        .4065311E+00
        .3574554E+01        .2348043E+00        .3736544E+00
        .3753282E+01        .2013655E+00        .3410039E+00
        .3940946E+01        .1708512E+00        .3089320E+00
        .4137993E+01        .1433611E+00        .2777618E+00
        .4344892E+01        .1189155E+00        .2477827E+00
        .4562137E+01        .9746312E-01        .2192464E+00
        .4790243E+01        .7889062E-01        .1923636E+00
        .5029755E+01        .6303323E-01        .1673018E+00
        .5281243E+01        .4968628E-01        .1441839E+00
        .5545305E+01        .3861687E-01        .1230880E+00
        .5822570E+01        .2957537E-01        .1040483E+00
        .6113698E+01        .2230599E-01        .8705740E-01
        .6419382E+01        .1655632E-01        .7206967E-01
        .6740351E+01        .1208527E-01        .5900560E-01
        .7077368E+01        .8669300E-02        .4775719E-01
        .7431237E+01        .6106843E-02        .3819375E-01
        .7802798E+01        .4220932E-02        .3016818E-01
        .8192938E+01        .2860196E-02        .2352315E-01
        .8602584E+01        .1898442E-02        .1809704E-01
        .9032713E+01        .1233139E-02        .1372936E-01
        .9484348E+01        .7830990E-03        .1026542E-01
        .9958565E+01        .4856976E-03        .7560069E-02
        .1045649E+02        .2938930E-03        .5480516E-02
        .1097932E+02        .1732964E-03        .3908151E-02
        .1152828E+02        .9945821E-04        .2739458E-02
        .1210470E+02        .5548637E-04        .1886128E-02
        .1270993E+02        .3004949E-04        .1274501E-02
        .1334543E+02        .1577498E-04        .8444963E-03
        .1401270E+02        .8015304E-05        .5482104E-03
        .1471333E+02        .3935413E-05        .3483107E-03
        .1544900E+02        .1863964E-05        .2163755E-03
        .1622145E+02        .8501115E-06        .1312791E-03
        .1703252E+02        .3726261E-06        .7770088E-04
        .1788414E+02        .1566571E-06        .4480904E-04
        .1877835E+02        .6303389E-07        .2514491E-04
        .1971727E+02        .2421950E-07        .1371138E-04
        .2070313E+02        .8864661E-08        .7254830E-05
        .2173828E+02        .3083300E-08        .3718966E-05
        .2282520E+02        .1015044E-08        .1844005E-05
        .2396645E+02        .3143094E-09        .8828861E-06
        .2516478E+02        .0000000E+00        .4074354E-06
        .2642301E+02        .0000000E+00        .1808839E-06
        .2774416E+02        .0000000E+00        .7707369E-07
        .2913137E+02        .0000000E+00        .3143144E-07
        .3058794E+02        .0000000E+00        .0000000E+00
        .3211733E+02        .0000000E+00        .0000000E+00
        .3372320E+02        .0000000E+00        .0000000E+00
        .3540936E+02        .0000000E+00        .0000000E+00
        .3717982E+02        .0000000E+00        .0000000E+00
        .3903881E+02        .0000000E+00        .0000000E+00
        .4099075E+02        .0000000E+00        .0000000E+00
        .4304029E+02        .0000000E+00        .0000000E+00
        .4519230E+02        .0000000E+00        .0000000E+00
        .4745191E+02        .0000000E+00        .0000000E+00
        .4982450E+02        .0000000E+00        .0000000E+00
        .5231573E+02        .0000000E+00        .0000000E+00
        .5493151E+02        .0000000E+00        .0000000E+00
        .5767808E+02        .0000000E+00        .0000000E+00
        .6056198E+02        .0000000E+00        .0000000E+00
        .6359008E+02        .0000000E+00        .0000000E+00
        .6676958E+02        .0000000E+00        .0000000E+00
        .7010806E+02        .0000000E+00        .0000000E+00
        .7361346E+02        .0000000E+00        .0000000E+00
        .7729413E+02        .0000000E+00        .0000000E+00
        .8115883E+02        .0000000E+00        .0000000E+00
        .8521677E+02        .0000000E+00        .0000000E+00
        .8947760E+02        .0000000E+00        .0000000E+00
        .9395148E+02        .0000000E+00        .0000000E+00
        .9864905E+02        .0000000E+00        .0000000E+00
        .1035815E+03        .0000000E+00        .0000000E+00
        .1087606E+03        .0000000E+00        .0000000E+00
        .1141986E+03        .0000000E+00        .0000000E+00
        .1199085E+03        .0000000E+00        .0000000E+00
        .1259039E+03        .0000000E+00        .0000000E+00
        .1321991E+03        .0000000E+00        .0000000E+00
        .1388091E+03        .0000000E+00        .0000000E+00
&END
