&ATOM  
 Z  =   16
 ZV =    6
 XC = 1312        .666667
 TYPE = NORMCONSERVING NUMERICAL MT
&END   
&INFO  
S MT rc: 1.5 1.5 1.5
&END   
&POTENTIALS   
 391 0.250000000000000014E-01
     .1144727400E-02    -3.162435100        -8.306834300        -19.44752800    
     .1173706300E-02    -3.162133700        -8.306532800        -19.44606100    
     .1203418900E-02    -3.161822600        -8.306221800        -19.44452900    
     .1233883600E-02    -3.161501200        -8.305900300        -19.44292800    
     .1265119500E-02    -3.161168600        -8.305567700        -19.44125500    
     .1297146100E-02    -3.160823900        -8.305223100        -19.43950700    
     .1329983500E-02    -3.160466500        -8.304865600        -19.43767900    
     .1363652200E-02    -3.160095400        -8.304494500        -19.43576900    
     .1398173200E-02    -3.159709800        -8.304108900        -19.43377200    
     .1433568200E-02    -3.159308800        -8.303707900        -19.43168400    
     .1469859100E-02    -3.158891300        -8.303290500        -19.42950000    
     .1507068800E-02    -3.158456500        -8.302855700        -19.42721700    
     .1545220400E-02    -3.158003300        -8.302402500        -19.42482900    
     .1584337800E-02    -3.157530800        -8.301929900        -19.42233200    
     .1624445500E-02    -3.157037700        -8.301436800        -19.41972200    
     .1665568600E-02    -3.156522900        -8.300922000        -19.41699300    
     .1707732700E-02    -3.155985200        -8.300384300        -19.41413900    
     .1750964100E-02    -3.155423500        -8.299822600        -19.41115600    
     .1795290000E-02    -3.154836400        -8.299235600        -19.40803800    
     .1840738000E-02    -3.154222700        -8.298621800        -19.40477900    
     .1887336500E-02    -3.153580900        -8.297980000        -19.40137300    
     .1935114600E-02    -3.152909500        -8.297308700        -19.39781400    
     .1984102300E-02    -3.152207200        -8.296606300        -19.39409700    
     .2034330100E-02    -3.151472400        -8.295871500        -19.39021300    
     .2085829400E-02    -3.150703300        -8.295102500        -19.38615800    
     .2138632400E-02    -3.149898400        -8.294297600        -19.38192400    
     .2192772100E-02    -3.149055900        -8.293455100        -19.37750300    
     .2248282400E-02    -3.148174000        -8.292573200        -19.37289000    
     .2305198000E-02    -3.147250900        -8.291650000        -19.36807600    
     .2363554300E-02    -3.146284400        -8.290683600        -19.36305400    
     .2423388000E-02    -3.145272700        -8.289671800        -19.35781600    
     .2484736300E-02    -3.144213500        -8.288612600        -19.35235500    
     .2547637700E-02    -3.143104800        -8.287503900        -19.34666200    
     .2612131500E-02    -3.141944200        -8.286343300        -19.34072900    
     .2678257900E-02    -3.140729300        -8.285128500        -19.33454800    
     .2746058400E-02    -3.139457800        -8.283856900        -19.32811000    
     .2815575100E-02    -3.138127100        -8.282526200        -19.32140600    
     .2886851800E-02    -3.136734500        -8.281133600        -19.31442800    
     .2959932800E-02    -3.135277400        -8.279676600        -19.30716600    
     .3034863800E-02    -3.133753000        -8.278152100        -19.29961200    
     .3111691800E-02    -3.132158300        -8.276557400        -19.29175500    
     .3190464600E-02    -3.130490300        -8.274889500        -19.28358800    
     .3271231600E-02    -3.128746000        -8.273145200        -19.27509800    
     .3354043200E-02    -3.126922200        -8.271321300        -19.26627800    
     .3438951300E-02    -3.125015500        -8.269414700        -19.25711700    
     .3526008700E-02    -3.123022600        -8.267421800        -19.24760600    
     .3615270100E-02    -3.120940000        -8.265339100        -19.23773400    
     .3706791100E-02    -3.118764100        -8.263163200        -19.22749000    
     .3800628900E-02    -3.116491100        -8.260890200        -19.21686600    
     .3896842300E-02    -3.114117300        -8.258516400        -19.20584900    
     .3995491300E-02    -3.111638700        -8.256037900        -19.19443100    
     .4096637700E-02    -3.109051400        -8.253450600        -19.18260000    
     .4200344500E-02    -3.106351300        -8.250750400        -19.17034600    
     .4306676800E-02    -3.103534100        -8.247933200        -19.15765700    
     .4415700800E-02    -3.100595500        -8.244994600        -19.14452400    
     .4527484800E-02    -3.097531100        -8.241930300        -19.13093600    
     .4642098600E-02    -3.094336500        -8.238735600        -19.11688100    
     .4759613900E-02    -3.091006900        -8.235406100        -19.10234900    
     .4880104100E-02    -3.087537800        -8.231936900        -19.08732900    
     .5003644500E-02    -3.083924200        -8.228323400        -19.07181000    
     .5130312400E-02    -3.080161500        -8.224560600        -19.05578200    
     .5260186900E-02    -3.076244500        -8.220643600        -19.03923400    
     .5393349200E-02    -3.072168100        -8.216567300        -19.02215400    
     .5529882400E-02    -3.067927400        -8.212326500        -19.00453200    
     .5669872100E-02    -3.063517000        -8.207916100        -18.98635700    
     .5813405600E-02    -3.058931700        -8.203330800        -18.96762000    
     .5960572600E-02    -3.054166100        -8.198565200        -18.94831000    
     .6111465300E-02    -3.049214700        -8.193613800        -18.92841500    
     .6266177700E-02    -3.044072000        -8.188471100        -18.90792700    
     .6424806800E-02    -3.038732500        -8.183131600        -18.88683400    
     .6587451500E-02    -3.033190600        -8.177589700        -18.86512900    
     .6754213700E-02    -3.027440500        -8.171839600        -18.84280100    
     .6925197400E-02    -3.021476400        -8.165875500        -18.81983900    
     .7100509600E-02    -3.015292600        -8.159691700        -18.79623600    
     .7280259900E-02    -3.008883300        -8.153282300        -18.77198400    
     .7464560500E-02    -3.002242600        -8.146641700        -18.74707400    
     .7653526800E-02    -2.995364600        -8.139763600        -18.72149700    
     .7847276700E-02    -2.988243100        -8.132642100        -18.69524600    
     .8045931500E-02    -2.980872200        -8.125271300        -18.66831400    
     .8249615200E-02    -2.973246200        -8.117645300        -18.64069500    
     .8458455200E-02    -2.965359100        -8.109758100        -18.61238400    
     .8672582000E-02    -2.957204600        -8.101603600        -18.58337400    
     .8892129500E-02    -2.948776500        -8.093175600        -18.55365900    
     .9117234800E-02    -2.940069100        -8.084468100        -18.52323600    
     .9348038700E-02    -2.931076500        -8.075475500        -18.49210200    
     .9584685400E-02    -2.921792700        -8.066191700        -18.46025500    
     .9827322900E-02    -2.912211600        -8.056610600        -18.42769100    
     .1007610300E-01    -2.902327200        -8.046726100        -18.39441000    
     .1033118100E-01    -2.892133600        -8.036532500        -18.36041000    
     .1059271600E-01    -2.881625400        -8.026024300        -18.32569400    
     .1086087100E-01    -2.870797000        -8.015195900        -18.29026400    
     .1113581600E-01    -2.859642300        -8.004041200        -18.25412000    
     .1141772000E-01    -2.848155600        -7.992554500        -18.21726600    
     .1170676100E-01    -2.836331800        -7.980730600        -18.17970600    
     .1200311900E-01    -2.824165900        -7.968564700        -18.14144900    
     .1230698000E-01    -2.811652800        -7.956051600        -18.10250100    
     .1261853200E-01    -2.798787100        -7.943185800        -18.06286700    
     .1293797200E-01    -2.785563800        -7.929962500        -18.02255800    
     .1326549800E-01    -2.771978600        -7.916377200        -17.98158400    
     .1360131600E-01    -2.758027600        -7.902426100        -17.93995900    
     .1394563500E-01    -2.743706500        -7.888105000        -17.89769500    
     .1429867000E-01    -2.729011000        -7.873409400        -17.85480600    
     .1466064300E-01    -2.713937300        -7.858335700        -17.81130600    
     .1503177900E-01    -2.698482500        -7.842880800        -17.76721300    
     .1541231000E-01    -2.682644000        -7.827042200        -17.72254800    
     .1580247500E-01    -2.666419300        -7.810817400        -17.67732900    
     .1620251600E-01    -2.649805400        -7.794203400        -17.63157700    
     .1661268500E-01    -2.632800400        -7.777198200        -17.58531300    
     .1703323700E-01    -2.615403100        -7.759800900        -17.53856100    
     .1746443600E-01    -2.597613300        -7.742010900        -17.49135000    
     .1790655000E-01    -2.579430300        -7.723827700        -17.44370400    
     .1835985600E-01    -2.560853400        -7.705250600        -17.39564900    
     .1882463800E-01    -2.541883000        -7.686280100        -17.34721500    
     .1930118600E-01    -2.522520600        -7.666917400        -17.29843200    
     .1978979800E-01    -2.502768600        -7.647165200        -17.24933300    
     .2029077900E-01    -2.482628900        -7.627025200        -17.19994900    
     .2080444300E-01    -2.462103700        -7.606499700        -17.15031400    
     .2133111000E-01    -2.441196400        -7.585592100        -17.10046000    
     .2187110900E-01    -2.419911600        -7.564306900        -17.05042400    
     .2242477900E-01    -2.398255000        -7.542650000        -17.00024300    
     .2299246500E-01    -2.376231900        -7.520626500        -16.94995300    
     .2357452200E-01    -2.353847800        -7.498241900        -16.89959200    
     .2417131400E-01    -2.331109600        -7.475503100        -16.84919700    
     .2478321400E-01    -2.308025500        -7.452418400        -16.79880700    
     .2541060400E-01    -2.284605200        -7.428997400        -16.74846100    
     .2605387600E-01    -2.260857400        -7.405249000        -16.69819900    
     .2671343300E-01    -2.236791600        -7.381182300        -16.64806000    
     .2738968700E-01    -2.212418400        -7.356808300        -16.59808300    
     .2808306000E-01    -2.187750200        -7.332139100        -16.54830700    
     .2879398600E-01    -2.162800500        -7.307188400        -16.49877100    
     .2952291000E-01    -2.137582200        -7.281968800        -16.44951600    
     .3027028600E-01    -2.112108300        -7.256493600        -16.40058100    
     .3103658100E-01    -2.086393600        -7.230777500        -16.35200200    
     .3182227600E-01    -2.060454400        -7.204836600        -16.30381800    
     .3262786100E-01    -2.034308000        -7.178688500        -16.25606400    
     .3345383900E-01    -2.007971100        -7.152349600        -16.20877700    
     .3430072700E-01    -1.981460400        -7.125836800        -16.16199400    
     .3516905400E-01    -1.954794400        -7.099168300        -16.11575000    
     .3605936300E-01    -1.927992600        -7.072363900        -16.07007500    
     .3697221000E-01    -1.901075900        -7.045444300        -16.02500000    
     .3790816600E-01    -1.874063900        -7.018429100        -15.98055800    
     .3886781600E-01    -1.846976600        -6.991338200        -15.93678200    
     .3985175900E-01    -1.819835200        -6.964192900        -15.89369900    
     .4086061200E-01    -1.792661800        -6.937015100        -15.85133300    
     .4189500300E-01    -1.765479300        -6.909827800        -15.80970600    
     .4295558000E-01    -1.738309700        -6.882652800        -15.76884400    
     .4404300600E-01    -1.711175000        -6.855512300        -15.72877600    
     .4515796000E-01    -1.684098000        -6.828428800        -15.68952200    
     .4630113900E-01    -1.657102000        -6.801425600        -15.65109700    
     .4747325800E-01    -1.630210300        -6.774526000        -15.61351200    
     .4867504900E-01    -1.603446000        -6.747752900        -15.57678800    
     .4990726400E-01    -1.576831900        -6.721129200        -15.54094700    
     .5117067200E-01    -1.550390900        -6.694677400        -15.50600100    
     .5246606400E-01    -1.524145300        -6.668420000        -15.47195500    
     .5379424900E-01    -1.498117600        -6.642379200        -15.43881100    
     .5515605600E-01    -1.472330300        -6.616577500        -15.40658500    
     .5655233900E-01    -1.446805500        -6.591036700        -15.37529100    
     .5798396800E-01    -1.421564400        -6.565778100        -15.34493300    
     .5945183900E-01    -1.396627000        -6.540821100        -15.31550900    
     .6095687000E-01    -1.372012500        -6.516185100        -15.28701200    
     .6250000000E-01    -1.347741900        -6.491890700        -15.25945100    
     .6408219500E-01    -1.323835000        -6.467957500        -15.23283500    
     .6570444400E-01    -1.300309800        -6.444403400        -15.20716200    
     .6736775900E-01    -1.277182100        -6.421243600        -15.18241900    
     .6907318200E-01    -1.254466800        -6.398492800        -15.15859500    
     .7082177800E-01    -1.232181800        -6.376168600        -15.13569500    
     .7261464000E-01    -1.210343600        -6.354287200        -15.11371900    
     .7445288900E-01    -1.188966000        -6.332861700        -15.09266100    
     .7633767200E-01    -1.168059000        -6.311901900        -15.07250200    
     .7827017000E-01    -1.147632200        -6.291416900        -15.05322500    
     .8025158900E-01    -1.127700100        -6.271420300        -15.03483000    
     .8228316700E-01    -1.108274800        -6.251923700        -15.01731300    
     .8436617500E-01    -1.089364900        -6.232935200        -15.00066200    
     .8650191500E-01    -1.070974500        -6.214457900        -14.98485300    
     .8869172200E-01    -1.053107600        -6.196495000        -14.96986500    
     .9093696300E-01    -1.035774400        -6.179055700        -14.95569200    
     .9323904400E-01    -1.018982600        -6.162146800        -14.94232600    
     .9559940100E-01    -1.002735400        -6.145770200        -14.92974900    
     .9801951200E-01    -.9870311200        -6.129923000        -14.91793400    
     .1005008900        -.9718680600        -6.114602100        -14.90685300    
     .1030450800        -.9572523700        -6.099812000        -14.89649700    
     .1056536800        -.9431873400        -6.085554400        -14.88685200    
     .1083283100        -.9296712600        -6.071825600        -14.87789300    
     .1110706600        -.9166967500        -6.058616200        -14.86958800    
     .1138824300        -.9042575000        -6.045917500        -14.86190700    
     .1167653700        -.8923558500        -6.033729400        -14.85483100    
     .1197213000        -.8809910600        -6.022048200        -14.84834000    
     .1227520600        -.8701570800        -6.010864900        -14.84240400    
     .1258595400        -.8598419500        -6.000164100        -14.83698300    
     .1290456900        -.8500356400        -5.989931900        -14.83204000    
     .1323125000        -.8407373700        -5.980163400        -14.82755100    
     .1356620100        -.8319430900        -5.970850000        -14.82348600    
     .1390963100        -.8236434700        -5.961977300        -14.81980600    
     .1426175500        -.8158232600        -5.953524400        -14.81646400    
     .1462279300        -.8084701100        -5.945473000        -14.81341600    
     .1499297100        -.8015811400        -5.937813300        -14.81062600    
     .1537251900        -.7951503100        -5.930531800        -14.80805600    
     .1576167700        -.7891664800        -5.923609100        -14.80565700    
     .1616068500        -.7836130200        -5.917019600        -14.80337200    
     .1656979500        -.7784771600        -5.910740700        -14.80114600    
     .1698926100        -.7737557600        -5.904758000        -14.79893300    
     .1741934700        -.7694427900        -5.899053500        -14.79668200    
     .1786031900        -.7655277800        -5.893603400        -14.79433200    
     .1831245600        -.7619954300        -5.888377900        -14.79181300    
     .1877603800        -.7588355500        -5.883350800        -14.78906000    
     .1925135500        -.7560476200        -5.878503500        -14.78601000    
     .1973870600        -.7536289900        -5.873814100        -14.78259700    
     .2023839300        -.7515735700        -5.869254900        -14.77874500    
     .2075073100        -.7498717200        -5.864793200        -14.77436900    
     .2127603800        -.7485201800        -5.860399700        -14.76938400    
     .2181464300        -.7475256700        -5.856052600        -14.76371100    
     .2236688400        -.7468939900        -5.851726600        -14.75726200    
     .2293310400        -.7466291200        -5.847391600        -14.74993800    
     .2351365800        -.7467333200        -5.843012400        -14.74163400    
     .2410891000        -.7472167800        -5.838558400        -14.73224000    
     .2471923000        -.7481000900        -5.834004800        -14.72164700    
     .2534500000        -.7494049200        -5.829324100        -14.70973900    
     .2598661200        -.7511533900        -5.824484400        -14.69638400    
     .2664446600        -.7533684900        -5.819449900        -14.68144500    
     .2731897400        -.7560828400        -5.814188800        -14.66477600    
     .2801055700        -.7593403000        -5.808674500        -14.64622800    
     .2871964700        -.7631884700        -5.802877600        -14.62563800    
     .2944668900        -.7676786700        -5.796765600        -14.60283200    
     .3019213500        -.7728665300        -5.790302600        -14.57762100    
     .3095645300        -.7788191400        -5.783456600        -14.54981000    
     .3174011900        -.7856159700        -5.776199100        -14.51919000    
     .3254362400        -.7933439900        -5.768499500        -14.48554100    
     .3336747000        -.8020980800        -5.760324900        -14.44862400    
     .3421217100        -.8119819000        -5.751640300        -14.40818300    
     .3507825600        -.8231121300        -5.742413300        -14.36395300    
     .3596626700        -.8356192600        -5.732614200        -14.31565600    
     .3687675700        -.8496460000        -5.722212000        -14.26299700    
     .3781029700        -.8653481900        -5.711174000        -14.20565800    
     .3876746900        -.8828958400        -5.699466300        -14.14330100    
     .3974887200        -.9024718900        -5.687057400        -14.07558500    
     .4075512000        -.9242737600        -5.673918100        -14.00215900    
     .4178684000        -.9485163700        -5.660018600        -13.92265200    
     .4284467900        -.9754336300        -5.645328500        -13.83666900    
     .4392929700        -1.005278900        -5.629817500        -13.74379800    
     .4504137300        -1.038312900        -5.613458200        -13.64363500    
     .4618160100        -1.074807600        -5.596226600        -13.53578800    
     .4735069300        -1.115056600        -5.578099600        -13.41984600    
     .4854938200        -1.159376900        -5.559054900        -13.29538100    
     .4977841500        -1.208107800        -5.539072100        -13.16195300    
     .5103856200        -1.261574700        -5.518137200        -13.01917400    
     .5233060900        -1.320100400        -5.496241600        -12.86669700    
     .5365536500        -1.384027300        -5.473380400        -12.70417400    
     .5501365700        -1.453719600        -5.449552900        -12.53126000    
     .5640633400        -1.529555500        -5.424763400        -12.34762500    
     .5783426800        -1.611847400        -5.399029000        -12.15305700    
     .5929834900        -1.700866600        -5.372377600        -11.94743000    
     .6079949400        -1.796886400        -5.344845900        -11.73066400    
     .6233864000        -1.900181900        -5.316480400        -11.50272500    
     .6391675100        -2.011010000        -5.287338900        -11.26364800    
     .6553481100        -2.129455100        -5.257495700        -11.01364200    
     .6719383200        -2.255481800        -5.227041500        -10.75307000    
     .6889485200        -2.389003800        -5.196083200        -10.48240200    
     .7063893400        -2.529878700        -5.164745800        -10.20223600    
     .7242716700        -2.677871500        -5.133173800        -9.913310800    
     .7426066900        -2.832440800        -5.101532100        -9.616560800    
     .7614058700        -2.992813800        -5.070008900        -9.313117500    
     .7806809500        -3.158065100        -5.038818800        -9.004315100    
     .8004439900        -3.327099500        -5.008205400        -8.691712100    
     .8207073200        -3.498615400        -4.978428900        -8.377071700    
     .8414836300        -3.670967000        -4.949671900        -8.062107300    
     .8627858900        -3.842196700        -4.922088200        -7.748642300    
     .8846274200        -4.010055300        -4.895844800        -7.438751700    
     .9070218600        -4.171971900        -4.871123000        -7.134788300    
     .9299832300        -4.325147000        -4.848111200        -6.839332100    
     .9535258700        -4.467214900        -4.826959500        -6.554785500    
     .9776644900        -4.595840900        -4.807805000        -6.283633400    
     1.002414200        -4.708426300        -4.790790500        -6.028634700    
     1.027790400        -4.802083100        -4.776063900        -5.792848400    
     1.053809100        -4.873956800        -4.763609800        -5.579192900    
     1.080486400        -4.922896800        -4.752430700        -5.388201700    
     1.107839000        -4.948449700        -4.741016300        -5.219359600    
     1.135884100        -4.950266600        -4.727612000        -5.071884900    
     1.164639100        -4.928119600        -4.710193000        -4.944694900    
     1.194122100        -4.882325600        -4.686594100        -4.836088300    
     1.224351500        -4.815499000        -4.655158800        -4.742508400    
     1.255346100        -4.731490300        -4.614278400        -4.659244700    
     1.287125300        -4.634893100        -4.562150100        -4.580738700    
     1.319709000        -4.531128600        -4.496758200        -4.500488800    
     1.353117600        -4.425551900        -4.416651000        -4.412484600    
     1.387372000        -4.319847700        -4.323915300        -4.316872900    
     1.422493400        -4.214657800        -4.222116700        -4.215907900    
     1.458504000        -4.110713200        -4.115455200        -4.112238200    
     1.495426200        -4.008843600        -4.008836100        -4.008951100    
     1.533283100        -3.909796900        -3.906793400        -3.908911000    
     1.572098400        -3.813624100        -3.809772800        -3.812476300    
     1.611896200        -3.720149400        -3.717008700        -3.719267500    
     1.652701600        -3.629138800        -3.627570300        -3.628810000    
     1.694539900        -3.540293300        -3.540342400        -3.540522800    
     1.737437400        -3.453331900        -3.454319100        -3.453874900    
     1.781420900        -3.368247900        -3.369487300        -3.368859500    
     1.826517700        -3.285090600        -3.286087400        -3.285594400    
     1.872756300        -3.203894300        -3.204379700        -3.204195100    
     1.920165300        -3.124676400        -3.124645600        -3.124773700    
     1.968774500        -3.047436300        -3.047112100        -3.047411300    
     2.018614300        -2.972158900        -2.971760200        -2.972091600    
     2.069715700        -2.898805900        -2.898489700        -2.898754200    
     2.122110900        -2.827311200        -2.827161300        -2.827306900    
     2.175832300        -2.757576800        -2.757591400        -2.757621000    
     2.230913800        -2.689507500        -2.689613900        -2.689576100    
     2.287389700        -2.623091300        -2.623219500        -2.623161000    
     2.345295200        -2.558317200        -2.558417500        -2.558371500    
     2.404666600        -2.495153500        -2.495199700        -2.495184400    
     2.465541100        -2.433545200        -2.433539000        -2.433554200    
     2.527956500        -2.373436400        -2.373401600        -2.373432500    
     2.591952000        -2.314815600        -2.314774400        -2.314807300    
     2.657567600        -2.257664400        -2.257632700        -2.257657800    
     2.724844300        -2.201944700        -2.201930400        -2.201943100    
     2.793824000        -2.147595800        -2.147598300        -2.147599200    
     2.864550000        -2.094561000        -2.094572400        -2.094566900    
     2.937066500        -2.042831500        -2.042844800        -2.042837600    
     3.011418600        -1.992393000        -1.992403100        -1.992397600    
     3.087653100        -1.943214300        -1.943218600        -1.943216500    
     3.165817400        -1.895244600        -1.895243600        -1.895244800    
     3.245960400        -1.848437800        -1.848434100        -1.848436900    
     3.328132300        -1.802786500        -1.802782200        -1.802785300    
     3.412384400        -1.758276700        -1.758273500        -1.758275800    
     3.498769300        -1.714879200        -1.714877800        -1.714878900    
     3.587341100        -1.672547500        -1.672547900        -1.672547800    
     3.678155000        -1.631241500        -1.631242700        -1.631242000    
     3.771268000        -1.590954900        -1.590956200        -1.590955500    
     3.866738100        -1.551675200        -1.551676200        -1.551675700    
     3.964625000        -1.513376600        -1.513377000        -1.513376800    
     4.064990000        -1.476017800        -1.476017600        -1.476017800    
     4.167895700        -1.439564600        -1.439564200        -1.439564500    
     4.273406500        -1.404012000        -1.404011600        -1.404011900    
     4.381588300        -1.369348500        -1.369348200        -1.369348400    
     4.492508700        -1.335550400        -1.335550300        -1.335550400    
     4.606237100        -1.302581000        -1.302581100        -1.302581000    
     4.722844600        -1.270411100        -1.270411200        -1.270411100    
     4.842403900        -1.239036300        -1.239036400        -1.239036400    
     4.964990000        -1.208446100        -1.208446200        -1.208446200    
     5.090679300        -1.178619500        -1.178619600        -1.178619600    
     5.219550500        -1.149523500        -1.149523500        -1.149523600    
     5.351684000        -1.121133400        -1.121133400        -1.121133500    
     5.487162500        -1.093445500        -1.093445500        -1.093445500    
     5.626070700        -1.066450200        -1.066450100        -1.066450200    
     5.768495400        -1.040128400        -1.040128400        -1.040128400    
     5.914525500        -1.014450800        -1.014450800        -1.014450900    
     6.064252400        -.9893965000        -.9893965200        -.9893965600    
     6.217769700        -.9649622100        -.9649622300        -.9649622700    
     6.375173300        -.9411392200        -.9411392300        -.9411392600    
     6.536561600        -.9179104000        -.9179104000        -.9179104400    
     6.702035400        -.8952496100        -.8952496100        -.8952496500    
     6.871698300        -.8731391100        -.8731391000        -.8731391400    
     7.045656100        -.8515761100        -.8515761100        -.8515761400    
     7.224017800        -.8305526600        -.8305526600        -.8305526900    
     7.406894700        -.8100533500        -.8100533500        -.8100533700    
     7.594401100        -.7900549000        -.7900549000        -.7900549200    
     7.786654300        -.7705423400        -.7705423400        -.7705423700    
     7.983774400        -.7515132400        -.7515132500        -.7515132600    
     8.185884600        -.7329603500        -.7329603500        -.7329603700    
     8.393111200        -.7148698000        -.7148698000        -.7148698100    
     8.605583900        -.6972208900        -.6972208900        -.6972209100    
     8.823435200        -.6800010400        -.6800010400        -.6800010700    
     9.046801600        -.6632080800        -.6632080800        -.6632081200    
     9.275822400        -.6468354100        -.6468354100        -.6468354600    
     9.510641000        -.6308705700        -.6308705700        -.6308706200    
     9.751404000        -.6152951700        -.6152951700        -.6152952200    
     9.998262000        -.6000986600        -.6000986600        -.6000986900    
     10.25136900        -.5852790800        -.5852790800        -.5852791000    
     10.51088400        -.5708304300        -.5708304300        -.5708304400    
     10.77696800        -.5567415200        -.5567415200        -.5567415100    
     11.04978800        -.5429960100        -.5429960100        -.5429959900    
     11.32951500        -.5295850700        -.5295850700        -.5295850500    
     11.61632300        -.5165069500        -.5165069500        -.5165069300    
     11.91039200        -.5037562000        -.5037562000        -.5037562000    
     12.21190500        -.4913227700        -.4913227700        -.4913227800    
     12.52105100        -.4791921800        -.4791921800        -.4791921900    
     12.83802300        -.4673570700        -.4673570700        -.4673570800    
     13.16301900        -.4558158200        -.4558158200        -.4558158300    
     13.49624200        -.4445634700        -.4445634700        -.4445634800    
     13.83790100        -.4335909600        -.4335909600        -.4335909700    
     14.18820900        -.4228854500        -.4228854500        -.4228854500    
     14.54738500        -.4124408400        -.4124408400        -.4124408400    
     14.91565400        -.4022557200        -.4022557200        -.4022557200    
     15.29324600        -.3923256800        -.3923256800        -.3923256800    
     15.68039600        -.3826426500        -.3826426500        -.3826426500    
     16.07734700        -.3731953600        -.3731953600        -.3731953600    
     16.48434700        -.3639786400        -.3639786400        -.3639786400    
     16.90165000        -.3549908900        -.3549908900        -.3549908900    
     17.32951800        -.3462277400        -.3462277400        -.3462277400    
     17.76821700        -.3376815400        -.3376815400        -.3376815500    
     18.21802100        -.3293419800        -.3293419800        -.3293419900    
     18.67921300        -.3212054100        -.3212054100        -.3212054100    
     19.15207900        -.3132717200        -.3132717200        -.3132717200    
     19.63691600        -.3055385500        -.3055385500        -.3055385500    
&END   
&WAVEFUNCTION 
 391 0.250000000000000014E-01
     .1144727400E-02     .3948223800E-03     .1030126900E-05     .3181724500E-08
     .1173706300E-02     .4048173900E-03     .1082942600E-05     .3429530500E-08
     .1203418900E-02     .4150654300E-03     .1138466200E-05     .3696636600E-08
     .1233883600E-02     .4255728900E-03     .1196836600E-05     .3984546000E-08
     .1265119500E-02     .4363463600E-03     .1258199700E-05     .4294878900E-08
     .1297146100E-02     .4473925700E-03     .1322709000E-05     .4629381900E-08
     .1329983500E-02     .4587184100E-03     .1390525700E-05     .4989937300E-08
     .1363652200E-02     .4703309700E-03     .1461819500E-05     .5378574200E-08
     .1398173200E-02     .4822375100E-03     .1536768500E-05     .5797479700E-08
     .1433568200E-02     .4944454700E-03     .1615560300E-05     .6249011200E-08
     .1469859100E-02     .5069624700E-03     .1698391800E-05     .6735709800E-08
     .1507068800E-02     .5197963600E-03     .1785470100E-05     .7260314400E-08
     .1545220400E-02     .5329551400E-03     .1877013100E-05     .7825777300E-08
     .1584337800E-02     .5464470400E-03     .1973249600E-05     .8435280600E-08
     .1624445500E-02     .5602804900E-03     .2074420100E-05     .9092254500E-08
     .1665568600E-02     .5744641500E-03     .2180777900E-05     .9800396000E-08
     .1707732700E-02     .5890068800E-03     .2292588600E-05     .1056369000E-07
     .1750964100E-02     .6039177600E-03     .2410132100E-05     .1138643300E-07
     .1795290000E-02     .6192061200E-03     .2533702100E-05     .1227325400E-07
     .1840738000E-02     .6348815200E-03     .2663607600E-05     .1322914400E-07
     .1887336500E-02     .6509537500E-03     .2800173500E-05     .1425948200E-07
     .1935114600E-02     .6674328700E-03     .2943741300E-05     .1537006700E-07
     .1984102300E-02     .6843291600E-03     .3094670000E-05     .1656714800E-07
     .2034330100E-02     .7016532000E-03     .3253336900E-05     .1785746300E-07
     .2085829400E-02     .7194158100E-03     .3420138800E-05     .1924827200E-07
     .2138632400E-02     .7376281000E-03     .3595492800E-05     .2074740200E-07
     .2192772100E-02     .7563014400E-03     .3779837400E-05     .2236329000E-07
     .2248282400E-02     .7754475300E-03     .3973633400E-05     .2410502900E-07
     .2305198000E-02     .7950783100E-03     .4177365600E-05     .2598242000E-07
     .2363554300E-02     .8152060700E-03     .4391543300E-05     .2800603000E-07
     .2423388000E-02     .8358433800E-03     .4616702100E-05     .3018724500E-07
     .2484736300E-02     .8570031600E-03     .4853404900E-05     .3253834000E-07
     .2547637700E-02     .8786986100E-03     .5102243700E-05     .3507254700E-07
     .2612131500E-02     .9009433200E-03     .5363840700E-05     .3780412600E-07
     .2678257900E-02     .9237511800E-03     .5638850000E-05     .4074845000E-07
     .2746058400E-02     .9471364500E-03     .5927959200E-05     .4392208600E-07
     .2815575100E-02     .9711137600E-03     .6231891300E-05     .4734289600E-07
     .2886851800E-02     .9956980800E-03     .6551406200E-05     .5103012800E-07
     .2959932800E-02     .1020904800E-02     .6887302900E-05     .5500453400E-07
     .3034863800E-02     .1046749700E-02     .7240421200E-05     .5928847800E-07
     .3111691800E-02     .1073248800E-02     .7611644200E-05     .6390606800E-07
     .3190464600E-02     .1100418900E-02     .8001900000E-05     .6888328800E-07
     .3271231600E-02     .1128276800E-02     .8412164500E-05     .7424814900E-07
     .3354043200E-02     .1156840000E-02     .8843463600E-05     .8003083900E-07
     .3438951300E-02     .1186126300E-02     .9296875600E-05     .8626389900E-07
     .3526008700E-02     .1216154100E-02     .9773534300E-05     .9298240600E-07
     .3615270100E-02     .1246942100E-02     .1027463200E-04     .1002241700E-06
     .3706791100E-02     .1278509600E-02     .1080142000E-04     .1080299300E-06
     .3800628900E-02     .1310876300E-02     .1135521800E-04     .1164436300E-06
     .3896842300E-02     .1344062400E-02     .1193740900E-04     .1255126000E-06
     .3995491300E-02     .1378088700E-02     .1254944900E-04     .1352878800E-06
     .4096637700E-02     .1412976500E-02     .1319286900E-04     .1458244800E-06
     .4200344500E-02     .1448747600E-02     .1386927700E-04     .1571816900E-06
     .4306676800E-02     .1485424400E-02     .1458036500E-04     .1694234100E-06
     .4415700800E-02     .1523029700E-02     .1532791000E-04     .1826185400E-06
     .4527484800E-02     .1561587200E-02     .1611378300E-04     .1968413200E-06
     .4642098600E-02     .1601120900E-02     .1693994700E-04     .2121717900E-06
     .4759613900E-02     .1641655600E-02     .1780846900E-04     .2286962100E-06
     .4880104100E-02     .1683216500E-02     .1872152000E-04     .2465075700E-06
     .5003644500E-02     .1725829800E-02     .1968138300E-04     .2657060800E-06
     .5130312400E-02     .1769522000E-02     .2069045800E-04     .2863997900E-06
     .5260186900E-02     .1814320400E-02     .2175126900E-04     .3087051300E-06
     .5393349200E-02     .1860253200E-02     .2286646700E-04     .3327476100E-06
     .5529882400E-02     .1907349000E-02     .2403884200E-04     .3586625100E-06
     .5669872100E-02     .1955637300E-02     .2527132300E-04     .3865956600E-06
     .5813405600E-02     .2005148200E-02     .2656699400E-04     .4167042200E-06
     .5960572600E-02     .2055912900E-02     .2792909400E-04     .4491576200E-06
     .6111465300E-02     .2107963000E-02     .2936102700E-04     .4841384500E-06
     .6266177700E-02     .2161331100E-02     .3086637500E-04     .5218435300E-06
     .6424806800E-02     .2216050500E-02     .3244890100E-04     .5624850300E-06
     .6587451500E-02     .2272155600E-02     .3411256300E-04     .6062916000E-06
     .6754213700E-02     .2329681500E-02     .3586151900E-04     .6535097300E-06
     .6925197400E-02     .2388664000E-02     .3770014200E-04     .7044050700E-06
     .7100509600E-02     .2449140200E-02     .3963303000E-04     .7592640000E-06
     .7280259900E-02     .2511148000E-02     .4166501500E-04     .8183951500E-06
     .7464560500E-02     .2574726000E-02     .4380117700E-04     .8821312200E-06
     .7653526800E-02     .2639914100E-02     .4604685700E-04     .9508307800E-06
     .7847276700E-02     .2706753200E-02     .4840767100E-04     .1024880300E-05
     .8045931500E-02     .2775285000E-02     .5088951900E-04     .1104696500E-05
     .8249615200E-02     .2845552500E-02     .5349860800E-04     .1190728300E-05
     .8458455200E-02     .2917599700E-02     .5624145900E-04     .1283459800E-05
     .8672582000E-02     .2991471600E-02     .5912493100E-04     .1383412500E-05
     .8892129500E-02     .3067214700E-02     .6215623300E-04     .1491148900E-05
     .9117234800E-02     .3144876200E-02     .6534294200E-04     .1607274900E-05
     .9348038700E-02     .3224504800E-02     .6869302600E-04     .1732443800E-05
     .9584685400E-02     .3306150500E-02     .7221485900E-04     .1867359800E-05
     .9827322900E-02     .3389864400E-02     .7591724700E-04     .2012781800E-05
     .1007610300E-01     .3475699000E-02     .7980944400E-04     .2169527600E-05
     .1033118100E-01     .3563708000E-02     .8390118200E-04     .2338479100E-05
     .1059271600E-01     .3653946600E-02     .8820268800E-04     .2520586500E-05
     .1086087100E-01     .3746471400E-02     .9272471700E-04     .2716874200E-05
     .1113581600E-01     .3841340300E-02     .9747857100E-04     .2928446000E-05
     .1141772000E-01     .3938613000E-02     .1024761400E-03     .3156491900E-05
     .1170676100E-01     .4038350400E-02     .1077299000E-03     .3402294500E-05
     .1200311900E-01     .4140615100E-02     .1132530000E-03     .3667236100E-05
     .1230698000E-01     .4245471200E-02     .1190592400E-03     .3952806700E-05
     .1261853200E-01     .4352984500E-02     .1251631400E-03     .4260612200E-05
     .1293797200E-01     .4463222600E-02     .1315799500E-03     .4592383400E-05
     .1326549800E-01     .4576254600E-02     .1383257000E-03     .4949985900E-05
     .1360131600E-01     .4692151500E-02     .1454172700E-03     .5335430500E-05
     .1394563500E-01     .4810986100E-02     .1528723700E-03     .5750884300E-05
     .1429867000E-01     .4932833200E-02     .1607096400E-03     .6198683100E-05
     .1466064300E-01     .5057769200E-02     .1689486700E-03     .6681344500E-05
     .1503177900E-01     .5185872700E-02     .1776100400E-03     .7201581700E-05
     .1541231000E-01     .5317224200E-02     .1867154100E-03     .7762319400E-05
     .1580247500E-01     .5451906500E-02     .1962875200E-03     .8366709500E-05
     .1620251600E-01     .5590004100E-02     .2063503000E-03     .9018149100E-05
     .1661268500E-01     .5731604100E-02     .2169289000E-03     .9720299500E-05
     .1703323700E-01     .5876795600E-02     .2280497400E-03     .1047710700E-04
     .1746443600E-01     .6025670000E-02     .2397406200E-03     .1129282400E-04
     .1790655000E-01     .6178321300E-02     .2520307500E-03     .1217203500E-04
     .1835985600E-01     .6334845500E-02     .2649508400E-03     .1311968000E-04
     .1882463800E-01     .6495341500E-02     .2785331600E-03     .1414108300E-04
     .1930118600E-01     .6659910400E-02     .2928116500E-03     .1524198200E-04
     .1978979800E-01     .6828656200E-02     .3078219900E-03     .1642856100E-04
     .2029077900E-01     .7001685500E-02     .3236016600E-03     .1770748500E-04
     .2080444300E-01     .7179107600E-02     .3401900900E-03     .1908593700E-04
     .2133111000E-01     .7361034600E-02     .3576287200E-03     .2057165900E-04
     .2187110900E-01     .7547581800E-02     .3759610900E-03     .2217299100E-04
     .2242477900E-01     .7738867100E-02     .3952330000E-03     .2389892500E-04
     .2299246500E-01     .7935011700E-02     .4154925800E-03     .2575915000E-04
     .2357452200E-01     .8136140100E-02     .4367904300E-03     .2776410800E-04
     .2417131400E-01     .8342379700E-02     .4591797200E-03     .2992505100E-04
     .2478321400E-01     .8553861500E-02     .4827163600E-03     .3225410500E-04
     .2541060400E-01     .8770719800E-02     .5074591200E-03     .3476433700E-04
     .2605387600E-01     .8993092600E-02     .5334697600E-03     .3746983100E-04
     .2671343300E-01     .9221121300E-02     .5608132300E-03     .4038576000E-04
     .2738968700E-01     .9454951200E-02     .5895577800E-03     .4352847700E-04
     .2808306000E-01     .9694731400E-02     .6197751500E-03     .4691560200E-04
     .2879398600E-01     .9940615000E-02     .6515407500E-03     .5056612500E-04
     .2952291000E-01     .1019275900E-01     .6849338600E-03     .5450050500E-04
     .3027028600E-01     .1045132500E-01     .7200378000E-03     .5874078900E-04
     .3103658100E-01     .1071647800E-01     .7569401400E-03     .6331073200E-04
     .3182227600E-01     .1098838800E-01     .7957329600E-03     .6823593100E-04
     .3262786100E-01     .1126723000E-01     .8365130100E-03     .7354396600E-04
     .3345383900E-01     .1155318300E-01     .8793819900E-03     .7926455100E-04
     .3430072700E-01     .1184643200E-01     .9244468200E-03     .8542970400E-04
     .3516905400E-01     .1214716500E-01     .9718198500E-03     .9207392100E-04
     .3605936300E-01     .1245557600E-01     .1021619200E-02     .9923436400E-04
     .3697221000E-01     .1277186500E-01     .1073969000E-02     .1069510800E-03
     .3790816600E-01     .1309623700E-01     .1128999600E-02     .1152671900E-03
     .3886781600E-01     .1342890200E-01     .1186848300E-02     .1242291700E-03
     .3985175900E-01     .1377007700E-01     .1247659100E-02     .1338870900E-03
     .4086061200E-01     .1411998500E-01     .1311583600E-02     .1442948700E-03
     .4189500300E-01     .1447885200E-01     .1378780800E-02     .1555106000E-03
     .4295558000E-01     .1484691500E-01     .1449418200E-02     .1675968600E-03
     .4404300600E-01     .1522441500E-01     .1523671500E-02     .1806210500E-03
     .4515796000E-01     .1561160000E-01     .1601725600E-02     .1946557600E-03
     .4630113900E-01     .1600872500E-01     .1683774600E-02     .2097791900E-03
     .4747325800E-01     .1641605200E-01     .1770022600E-02     .2260755500E-03
     .4867504900E-01     .1683385200E-01     .1860684200E-02     .2436355400E-03
     .4990726400E-01     .1726240200E-01     .1955984700E-02     .2625568200E-03
     .5117067200E-01     .1770198900E-01     .2056160900E-02     .2829445900E-03
     .5246606400E-01     .1815290500E-01     .2161461800E-02     .3049120900E-03
     .5379424900E-01     .1861545300E-01     .2272149000E-02     .3285812900E-03
     .5515605600E-01     .1908994500E-01     .2388497100E-02     .3540834800E-03
     .5655233900E-01     .1957670200E-01     .2510795100E-02     .3815600500E-03
     .5798396800E-01     .2007605300E-01     .2639346200E-02     .4111632000E-03
     .5945183900E-01     .2058833900E-01     .2774469400E-02     .4430567500E-03
     .6095687000E-01     .2111391100E-01     .2916499600E-02     .4774171200E-03
     .6250000000E-01     .2165312900E-01     .3065788700E-02     .5144340800E-03
     .6408219500E-01     .2220636500E-01     .3222706500E-02     .5543120000E-03
     .6570444400E-01     .2277400300E-01     .3387641400E-02     .5972707600E-03
     .6736775900E-01     .2335643900E-01     .3561001500E-02     .6435469600E-03
     .6907318200E-01     .2395408000E-01     .3743215600E-02     .6933952800E-03
     .7082177800E-01     .2456734800E-01     .3934733800E-02     .7470895800E-03
     .7261464000E-01     .2519667700E-01     .4136029200E-02     .8049246700E-03
     .7445288900E-01     .2584251500E-01     .4347598800E-02     .8672175300E-03
     .7633767200E-01     .2650532700E-01     .4569964400E-02     .9343091600E-03
     .7827017000E-01     .2718558900E-01     .4803674100E-02     .1006566400E-02
     .8025158900E-01     .2788379700E-01     .5049303600E-02     .1084383500E-02
     .8228316700E-01     .2860046100E-01     .5307457500E-02     .1168184600E-02
     .8436617500E-01     .2933611100E-01     .5578770500E-02     .1258425600E-02
     .8650191500E-01     .3009129100E-01     .5863909400E-02     .1355596400E-02
     .8869172200E-01     .3086656900E-01     .6163574000E-02     .1460224000E-02
     .9093696300E-01     .3166252900E-01     .6478499400E-02     .1572874100E-02
     .9323904400E-01     .3247977800E-01     .6809457100E-02     .1694155100E-02
     .9559940100E-01     .3331894400E-01     .7157257200E-02     .1824720100E-02
     .9801951200E-01     .3418067800E-01     .7522749800E-02     .1965270800E-02
     .1005008900         .3506565600E-01     .7906827500E-02     .2116561100E-02
     .1030450800         .3597457700E-01     .8310426900E-02     .2279399400E-02
     .1056536800         .3690816900E-01     .8734531200E-02     .2454654800E-02
     .1083283100         .3786718700E-01     .9180171900E-02     .2643258800E-02
     .1110706600         .3885241500E-01     .9648431400E-02     .2846211600E-02
     .1138824300         .3986466900E-01     .1014044500E-01     .3064586100E-02
     .1167653700         .4090479700E-01     .1065740500E-01     .3299531800E-02
     .1197213000         .4197368000E-01     .1120056000E-01     .3552283000E-02
     .1227520600         .4307223800E-01     .1177122000E-01     .3824160700E-02
     .1258595400         .4420142800E-01     .1237076200E-01     .4116581300E-02
     .1290456900         .4536224700E-01     .1300062400E-01     .4431062200E-02
     .1323125000         .4655573500E-01     .1366231900E-01     .4769226300E-02
     .1356620100         .4778298000E-01     .1435743000E-01     .5132814000E-02
     .1390963100         .4904511400E-01     .1508761700E-01     .5523683400E-02
     .1426175500         .5034332200E-01     .1585461900E-01     .5943824600E-02
     .1462279300         .5167884400E-01     .1666026000E-01     .6395364900E-02
     .1499297100         .5305297400E-01     .1750644700E-01     .6880574100E-02
     .1537251900         .5446707000E-01     .1839518100E-01     .7401882600E-02
     .1576167700         .5592255300E-01     .1932855600E-01     .7961877500E-02
     .1616068500         .5742091300E-01     .2030876300E-01     .8563323900E-02
     .1656979500         .5896371300E-01     .2133809800E-01     .9209170000E-02
     .1698926100         .6055259400E-01     .2241896000E-01     .9902551200E-02
     .1741934700         .6218927800E-01     .2355386200E-01     .1064681800E-01
     .1786031900         .6387557900E-01     .2474543000E-01     .1144552100E-01
     .1831245600         .6561340200E-01     .2599641200E-01     .1230244900E-01
     .1877603800         .6740475200E-01     .2730967900E-01     .1322162100E-01
     .1925135500         .6925174200E-01     .2868823100E-01     .1420729800E-01
     .1973870600         .7115660100E-01     .3013520300E-01     .1526401700E-01
     .2023839300         .7312167800E-01     .3165386700E-01     .1639656200E-01
     .2075073100         .7514945200E-01     .3324764000E-01     .1761001500E-01
     .2127603800         .7724254400E-01     .3492008800E-01     .1890974500E-01
     .2181464300         .7940372300E-01     .3667492700E-01     .2030140600E-01
     .2236688400         .8163591800E-01     .3851603500E-01     .2179099700E-01
     .2293310400         .8394223000E-01     .4044745200E-01     .2338479100E-01
     .2351365800         .8632594200E-01     .4247338500E-01     .2508942200E-01
     .2410891000         .8879053400E-01     .4459821500E-01     .2691184400E-01
     .2471923000         .9133969800E-01     .4682649600E-01     .2885932400E-01
     .2534500000         .9397735000E-01     .4916297100E-01     .3093952200E-01
     .2598661200         .9670765000E-01     .5161256100E-01     .3316035900E-01
     .2664446600         .9953501500E-01     .5418037900E-01     .3553015600E-01
     .2731897400         .1024641400         .5687173300E-01     .3805753100E-01
     .2801055700         .1055000300         .5969212200E-01     .4075139500E-01
     .2871964700         .1086479900         .6264725100E-01     .4362104200E-01
     .2944668900         .1119136800         .6574301500E-01     .4667593100E-01
     .3019213500         .1153031300         .6898552100E-01     .4992588600E-01
     .3095645300         .1188227600         .7238107400E-01     .5338090300E-01
     .3174011900         .1224794200         .7593617800E-01     .5705113800E-01
     .3254362400         .1262804000         .7965754900E-01     .6094700700E-01
     .3336747000         .1302335000         .8355208900E-01     .6507884000E-01
     .3421217100         .1343470000         .8762690800E-01     .6945716100E-01
     .3507825600         .1386297600         .9188930200E-01     .7409235100E-01
     .3596626700         .1430912300         .9634675000E-01     .7899464100E-01
     .3687675700         .1477414900         .1010069200         .8417419500E-01
     .3781029700         .1525912900         .1058776400         .8964061000E-01
     .3876746900         .1576520700         .1109668900         .9540327500E-01
     .3974887200         .1629360700         .1162828100         .1014708700    
     .4075512000         .1684562800         .1218336600         .1078513600    
     .4178684000         .1742265800         .1276278200         .1145520200    
     .4284467900         .1802616700         .1336737500         .1215788300    
     .4392929700         .1865772400         .1399799900         .1289368500    
     .4504137300         .1931899000         .1465551200         .1366296300    
     .4618160100         .2001172400         .1534077200         .1446591600    
     .4735069300         .2073779400         .1605463700         .1530258500    
     .4854938200         .2149915800         .1679795800         .1617280200    
     .4977841500         .2229789500         .1757157900         .1707619900    
     .5103856200         .2313616800         .1837632800         .1801218800    
     .5233060900         .2401625000         .1921301400         .1897992800    
     .5365536500         .2494051300         .2008242300         .1997833000    
     .5501365700         .2591138900         .2098531300         .2100605900    
     .5640633400         .2693142100         .2192240300         .2206147100    
     .5783426800         .2800316600         .2289437200         .2314270100    
     .5929834900         .2912923300         .2390184700         .2424759000    
     .6079949400         .3031225600         .2494539600         .2537369800    
     .6233864000         .3155476300         .2602552200         .2651843900    
     .6391675100         .3285930900         .2714264600         .2767886800    
     .6553481100         .3422820500         .2829710300         .2885200600    
     .6719383200         .3566361600         .2948912700         .3003465400    
     .6889485200         .3716746100         .3071883200         .3122347100    
     .7063893400         .3874113500         .3198620400         .3241526800    
     .7242716700         .4038576600         .3329107500         .3360660800    
     .7426066900         .4210165000         .3463310600         .3479441700    
     .7614058700         .4388845100         .3601176000         .3597565600    
     .7806809500         .4574498400         .3742627300         .3714746200    
     .8004439900         .4766876400         .3887562100         .3830754800    
     .8207073200         .4965639200         .4035848700         .3945367000    
     .8414836300         .5170275300         .4187319200         .4058432600    
     .8627858900         .5380127400         .4341767900         .4169839200    
     .8846274200         .5594372900         .4498942600         .4279518400    
     .9070218600         .5811979900         .4658536600         .4387475700    
     .9299832300         .6031739600         .4820187800         .4493749900    
     .9535258700         .6252246500         .4983459800         .4598431800    
     .9776644900         .6471882900         .5147843300         .4701657700    
     1.002414200         .6688873500         .5312744100         .4803579500    
     1.027790400         .6901305900         .5477469200         .4904353900    
     1.053809100         .7107079200         .5641230300         .5004156600    
     1.080486400         .7304151700         .5803134400         .5103081000    
     1.107839000         .7490361900         .5962174800         .5201204200    
     1.135884100         .7663645400         .6117255200         .5298509400    
     1.164639100         .7822170600         .6267194200         .5394834800    
     1.194122100         .7964096800         .6410711100         .5489962600    
     1.224351500         .8088097700         .6546562400         .5583474600    
     1.255346100         .8193005600         .6673440800         .5674846900    
     1.287125300         .8277976400         .6790151100         .5763479100    
     1.319709000         .8342615000         .6895683300         .5848683100    
     1.353117600         .8386672300         .6989080500         .5929749900    
     1.387372000         .8410144300         .7069819300         .6006157500    
     1.422493400         .8413215200         .7137537800         .6077422300    
     1.458504000         .8396150400         .7192009700         .6143142400    
     1.495426200         .8359297300         .7233173100         .6203022900    
     1.533283100         .8303156000         .7261043000         .6256776900    
     1.572098400         .8228271000         .7275647900         .6304120700    
     1.611896200         .8135353700         .7277094800         .6344778200    
     1.652701600         .8025170500         .7265541100         .6378497400    
     1.694539900         .7898547200         .7241200700         .6405056500    
     1.737437400         .7756463100         .7204374400         .6424253100    
     1.781420900         .7599850700         .7155360300         .6435904500    
     1.826517700         .7429801200         .7094551300         .6439854500    
     1.872756300         .7247402900         .7022359400         .6435968900    
     1.920165300         .7053757700         .6939227100         .6424140200    
     1.968774500         .6850092400         .6845680900         .6404292900    
     2.018614300         .6637518600         .6742210200         .6376368800    
     2.069715700         .6417277900         .6629397100         .6340349900    
     2.122110900         .6190552300         .6507813400         .6296238800    
     2.175832300         .5958497900         .6378043000         .6244067700    
     2.230913800         .5722348100         .6240738400         .6183909400    
     2.287389700         .5483182700         .6096488000         .6115847100    
     2.345295200         .5242167300         .5945960600         .6040014500    
     2.404666600         .5000369000         .5789789600         .5956560300    
     2.465541100         .4758801800         .5628606300         .5865662300    
     2.527956500         .4518505100         .5463087900         .5767542700    
     2.591952000         .4280359600         .5293834400         .5662421100    
     2.657567600         .4045281600         .5121506200         .5550574100    
     2.724844300         .3814075800         .4946712500         .5432280700    
     2.793824000         .3587479300         .4770049300         .5307845600    
     2.864550000         .3366211500         .4592135100         .5177614000    
     2.937066500         .3150855600         .4413510200         .5041915800    
     3.011418600         .2941983600         .4234751700         .4901137700    
     3.087653100         .2740069100         .4056379600         .4755656800    
     3.165817400         .2545514200         .3878893400         .4605873000    
     3.245960400         .2358676700         .3702793500         .4452220900    
     3.328132300         .2179819200         .3528511600         .4295117100    
     3.412384400         .2009156800         .3356492100         .4135032400    
     3.498769300         .1846839600         .3187126400         .3972429000    
     3.587341100         .1692951000         .3020780700         .3807794800    
     3.678155000         .1547522400         .2857807100         .3641651900    
     3.771268000         .1410538100         .2698505200         .3474514200    
     3.866738100         .1281914100         .2543166600         .3306948700    
     3.964625000         .1161544700         .2392043300         .3139515300    
     4.064990000         .1049268100         .2245359900         .2972802200    
     4.167895700         .9448791700E-01     .2103320500         .2807418100    
     4.273406500         .8481698000E-01     .1966096600         .2643948500    
     4.381588300         .7588585700E-01     .1833836400         .2483016600    
     4.492508700         .6766833900E-01     .1706667500         .2325190500    
     4.606237100         .6013392800E-01     .1584690000         .2171034300    
     4.722844600         .5324953300E-01     .1467982800         .2021084900    
     4.842403900         .4698484200E-01     .1356609100         .1875793700    
     4.964990000         .4130295600E-01     .1250599200         .1735606800    
     5.090679300         .3617171500E-01     .1149976100         .1600870800    
     5.219550500         .3155586800E-01     .1054733100         .1471883800    
     5.351684000         .2741937900E-01     .9648408100E-01     .1348893400    
     5.487162500         .2373042900E-01     .8802596100E-01     .1232066200    
     5.626070700         .2045201600E-01     .8009082000E-01     .1121529200    
     5.768495400         .1755319400E-01     .7267034100E-01     .1017353100    
     5.914525500         .1500095100E-01     .6575258000E-01     .9195551400E-01
     6.064252400         .1276303500E-01     .5932357800E-01     .8281130000E-01
     6.217769700         .1081181300E-01     .5336887700E-01     .7429647600E-01
     6.375173300         .9116184400E-02     .4786956700E-01     .6639951600E-01
     6.536561600         .7651386500E-02     .4280848500E-01     .5910749600E-01
     6.702035400         .6391599300E-02     .3816509200E-01     .5240232400E-01
     6.871698300         .5312739800E-02     .3391834100E-01     .4626349200E-01
     7.045656100         .4394941500E-02     .3004849100E-01     .4066937500E-01
     7.224017800         .3616443200E-02     .2653203400E-01     .3559289600E-01
     7.406894700         .2960796500E-02     .2334916200E-01     .3100926700E-01
     7.594401100         .2411163300E-02     .2047752700E-01     .2688923900E-01
     7.786654300         .1952503100E-02     .1789548000E-01     .2320317700E-01
     7.983774400         .1572806500E-02     .1558344000E-01     .1992252400E-01
     8.185884600         .1259226600E-02     .1351906100E-01     .1701442200E-01
     8.393111200         .1002526000E-02     .1168420800E-01     .1445170300E-01
     8.605583900         .7933804600E-03     .1005891200E-01     .1220421100E-01
     8.823435200         .6238203500E-03     .8624540700E-02     .1024254700E-01
     9.046801600         .4876812100E-03     .7364502300E-02     .8538862600E-02
     9.275822400         .3785248500E-03     .6260543200E-02     .7064422900E-02
     9.510641000         .2919760900E-03     .5298766400E-02     .5805247300E-02
     9.751404000         .2236809000E-03     .4464197200E-02     .4748426900E-02
     9.998262000         .1700565600E-03     .3742238100E-02     .3872256600E-02
     10.25136900         .1283787200E-03     .3118694000E-02     .3145200200E-02
     10.51088400         .9590496200E-04     .2579611100E-02     .2535612400E-02
     10.77696800         .7101645800E-04     .2119577900E-02     .2028709500E-02
     11.04978800         .5217212300E-04     .1734137000E-02     .1611819000E-02
     11.32951500         .3807893200E-04     .1415462800E-02     .1272560200E-02
     11.61632300         .2767405300E-04     .1152139700E-02     .9986096400E-03
     11.91039200         .1991319700E-04     .9327251900E-03     .7773717800E-03
     12.21190500         .1422258700E-04     .7510880400E-03     .6007678500E-03
     12.52105100         .1006833900E-04     .6014575600E-03     .4606704000E-03
     12.83802300         .7057857800E-05     .4789780400E-03     .3504772000E-03
     13.16301900         .4917254200E-05     .3794703800E-03     .2647777200E-03
     13.49624200         .3383255000E-05     .2987000700E-03     .1981728200E-03
     13.83790100         .2310654800E-05     .2338143900E-03     .1471990800E-03
     14.18820900         .1562199100E-05     .1818659700E-03     .1083606500E-03
     14.54738500         .1043720900E-05     .1405511600E-03     .7903362100E-04
     14.91565400         .6933222900E-06     .1079988100E-03     .5720942700E-04
     15.29324600         .4533653500E-06     .8236213200E-04     .4094704600E-04
     15.68039600         .2943610100E-06     .6243636900E-04     .2907570200E-04
     16.07734700         .1889008600E-06     .4698595800E-04     .2043194200E-04
     16.48434700         .1194772500E-06     .3509838800E-04     .1420232000E-04
     16.90165000         .7523559000E-07     .2605526900E-04     .9796109600E-05
     17.32951800         .4641943900E-07     .1916907600E-04     .6662751800E-05
     17.76821700         .2846420400E-07     .1401378600E-04     .4495739700E-05
     18.21802100         .1721707700E-07     .1015780100E-04     .2996543600E-05
     18.67921300         .1022554300E-07     .7300584900E-05     .1971604700E-05
     19.15207900         .6067755200E-08     .5212470000E-05     .1287890600E-05
     19.63691600         .3509170400E-08     .3681135700E-05     .8262528400E-06
&END   
