&ATOM  
 Z  =   54
 ZV =    8
 XC = 1100        .666667
 TYPE = NORMCONSERVING BHS
&END   
&INFO  
    ============================================================
    |    XENON SGS PSEUDOPOTENTIAL                             |
    ============================================================
&END  
&POTENTIAL
    BHS
              2.7383    2.6800   -1.7383    1.0700
              2.4900      -41551.1393877        4732.9010008
              2.9100     -171536.3817793       47820.3391600
              3.1800      213117.1306939       22480.4351981
              1.8400       -2636.0446838         283.5987478
              2.2100        1103.9163556        1335.9741468
              2.8500        1556.6336300         368.9091964
              2.1600    -1149284.0181395       58982.7614761
              2.2900     1086197.9080222      108196.5314516
              2.6900       63108.9053568        7485.8011763
&END 
&WAVEFUNCTION
       278      1.049999676
        .1851852E-03        .1908601E-04        .6888992E-08
        .1944444E-03        .2004031E-04        .7595113E-08
        .2041666E-03        .2104233E-04        .8373611E-08
        .2143750E-03        .2209444E-04        .9231906E-08
        .2250937E-03        .2319917E-04        .1017818E-07
        .2363484E-03        .2435912E-04        .1122144E-07
        .2481658E-03        .2557708E-04        .1237164E-07
        .2605741E-03        .2685593E-04        .1363974E-07
        .2736028E-03        .2819873E-04        .1503781E-07
        .2872829E-03        .2960866E-04        .1657919E-07
        .3016470E-03        .3108910E-04        .1827856E-07
        .3167293E-03        .3264355E-04        .2015211E-07
        .3325658E-03        .3427573E-04        .2221771E-07
        .3491941E-03        .3598951E-04        .2449503E-07
        .3666538E-03        .3778899E-04        .2700577E-07
        .3849864E-03        .3967844E-04        .2977387E-07
        .4042357E-03        .4166236E-04        .3282569E-07
        .4244475E-03        .4374548E-04        .3619033E-07
        .4456699E-03        .4593275E-04        .3989985E-07
        .4679533E-03        .4822939E-04        .4398959E-07
        .4913510E-03        .5064086E-04        .4849853E-07
        .5159185E-03        .5317291E-04        .5346963E-07
        .5417144E-03        .5583156E-04        .5895028E-07
        .5688001E-03        .5862314E-04        .6499269E-07
        .5972401E-03        .6155430E-04        .7165445E-07
        .6271020E-03        .6463202E-04        .7899905E-07
        .6584571E-03        .6786363E-04        .8709646E-07
        .6913799E-03        .7125682E-04        .9602387E-07
        .7259489E-03        .7481967E-04        .1058663E-06
        .7622463E-03        .7856066E-04        .1167177E-06
        .8003586E-03        .8248871E-04        .1286812E-06
        .8403765E-03        .8661316E-04        .1418711E-06
        .8823953E-03        .9094384E-04        .1564129E-06
        .9265150E-03        .9549105E-04        .1724453E-06
        .9728407E-03        .1002656E-03        .1901209E-06
        .1021483E-02        .1052789E-03        .2096084E-06
        .1072557E-02        .1105429E-03        .2310933E-06
        .1126185E-02        .1160701E-03        .2547804E-06
        .1182494E-02        .1218737E-03        .2808955E-06
        .1241618E-02        .1279674E-03        .3096873E-06
        .1303699E-02        .1343658E-03        .3414304E-06
        .1368884E-02        .1410842E-03        .3764271E-06
        .1437328E-02        .1481385E-03        .4150110E-06
        .1509195E-02        .1555455E-03        .4575498E-06
        .1584654E-02        .1633229E-03        .5044488E-06
        .1663887E-02        .1714892E-03        .5561550E-06
        .1747081E-02        .1800638E-03        .6131611E-06
        .1834435E-02        .1890672E-03        .6760104E-06
        .1926157E-02        .1985208E-03        .7453018E-06
        .2022465E-02        .2084471E-03        .8216956E-06
        .2123588E-02        .2188698E-03        .9059199E-06
        .2229767E-02        .2298136E-03        .9987772E-06
        .2341255E-02        .2413047E-03        .1101153E-05
        .2458318E-02        .2533704E-03        .1214021E-05
        .2581234E-02        .2660395E-03        .1338460E-05
        .2710295E-02        .2793421E-03        .1475653E-05
        .2845810E-02        .2933099E-03        .1626909E-05
        .2988100E-02        .3079762E-03        .1793668E-05
        .3137505E-02        .3233760E-03        .1977521E-05
        .3294380E-02        .3395460E-03        .2180219E-05
        .3459099E-02        .3565246E-03        .2403695E-05
        .3632054E-02        .3743523E-03        .2650077E-05
        .3813656E-02        .3930717E-03        .2921713E-05
        .4004339E-02        .4127274E-03        .3221194E-05
        .4204556E-02        .4333661E-03        .3551372E-05
        .4414783E-02        .4550372E-03        .3915394E-05
        .4635522E-02        .4777922E-03        .4316731E-05
        .4867298E-02        .5016855E-03        .4759206E-05
        .5110663E-02        .5267741E-03        .5247037E-05
        .5366196E-02        .5531177E-03        .5784873E-05
        .5634505E-02        .5807794E-03        .6377840E-05
        .5916230E-02        .6098250E-03        .7031590E-05
        .6212041E-02        .6403239E-03        .7752355E-05
        .6522643E-02        .6723490E-03        .8547003E-05
        .6848775E-02        .7059768E-03        .9423109E-05
        .7191213E-02        .7412876E-03        .1038902E-04
        .7550774E-02        .7783658E-03        .1145396E-04
        .7928312E-02        .8173001E-03        .1262806E-04
        .8324727E-02        .8581836E-03        .1392251E-04
        .8740963E-02        .9011143E-03        .1534967E-04
        .9178011E-02        .9461948E-03        .1692314E-04
        .9636911E-02        .9935333E-03        .1865791E-04
        .1011876E-01        .1043243E-02        .2057052E-04
        .1062469E-01        .1095444E-02        .2267922E-04
        .1115593E-01        .1150261E-02        .2500411E-04
        .1171372E-01        .1207826E-02        .2756735E-04
        .1229941E-01        .1268277E-02        .3039340E-04
        .1291438E-01        .1331760E-02        .3350920E-04
        .1356010E-01        .1398428E-02        .3694447E-04
        .1423810E-01        .1468442E-02        .4073199E-04
        .1495001E-01        .1541972E-02        .4490787E-04
        .1569751E-01        .1619195E-02        .4951196E-04
        .1648238E-01        .1700299E-02        .5458820E-04
        .1730650E-01        .1785481E-02        .6018502E-04
        .1817182E-01        .1874948E-02        .6635585E-04
        .1908041E-01        .1968919E-02        .7315959E-04
        .2003443E-01        .2067624E-02        .8066119E-04
        .2103615E-01        .2171305E-02        .8893230E-04
        .2208796E-01        .2280217E-02        .9805192E-04
        .2319236E-01        .2394629E-02        .1081072E-03
        .2435197E-01        .2514826E-02        .1191941E-03
        .2556957E-01        .2641105E-02        .1314188E-03
        .2684805E-01        .2773784E-02        .1448981E-03
        .2819045E-01        .2913195E-02        .1597609E-03
        .2959997E-01        .3059690E-02        .1761495E-03
        .3107997E-01        .3213641E-02        .1942207E-03
        .3263396E-01        .3375443E-02        .2141476E-03
        .3426566E-01        .3545512E-02        .2361212E-03
        .3597894E-01        .3724288E-02        .2603521E-03
        .3777789E-01        .3912240E-02        .2870728E-03
        .3966678E-01        .4109864E-02        .3165398E-03
        .4165012E-01        .4317687E-02        .3490363E-03
        .4373262E-01        .4536269E-02        .3848747E-03
        .4591925E-01        .4766205E-02        .4243999E-03
        .4821521E-01        .5008131E-02        .4679927E-03
        .5062597E-01        .5262725E-02        .5160735E-03
        .5315727E-01        .5530709E-02        .5691066E-03
        .5581513E-01        .5812859E-02        .6276048E-03
        .5860588E-01        .6110003E-02        .6921346E-03
        .6153617E-01        .6423032E-02        .7633217E-03
        .6461298E-01        .6752902E-02        .8418579E-03
        .6784362E-01        .7100645E-02        .9285076E-03
        .7123580E-01        .7467371E-02        .1024116E-02
        .7479759E-01        .7854285E-02        .1129619E-02
        .7853746E-01        .8262688E-02        .1246049E-02
        .8246433E-01        .8693995E-02        .1374553E-02
        .8658755E-01        .9149747E-02        .1516396E-02
        .9091692E-01        .9631623E-02        .1672983E-02
        .9546276E-01        .1014146E-01        .1845869E-02
        .1002359E+00        .1068127E-01        .2036778E-02
        .1052477E+00        .1125328E-01        .2247621E-02
        .1105101E+00        .1185991E-01        .2480521E-02
        .1160356E+00        .1250387E-01        .2737834E-02
        .1218373E+00        .1318813E-01        .3022178E-02
        .1279292E+00        .1391602E-01        .3336464E-02
        .1343256E+00        .1469122E-01        .3683932E-02
        .1410419E+00        .1551787E-01        .4068190E-02
        .1480940E+00        .1640056E-01        .4493259E-02
        .1554987E+00        .1734448E-01        .4963626E-02
        .1632736E+00        .1835546E-01        .5484304E-02
        .1714373E+00        .1944006E-01        .6060894E-02
        .1800092E+00        .2060572E-01        .6699670E-02
        .1890096E+00        .2186085E-01        .7407658E-02
        .1984601E+00        .2321503E-01        .8192745E-02
        .2083831E+00        .2467914E-01        .9063791E-02
        .2188022E+00        .2626563E-01        .1003077E-01
        .2297423E+00        .2798871E-01        .1110490E-01
        .2412294E+00        .2986467E-01        .1229886E-01
        .2532909E+00        .3191221E-01        .1362697E-01
        .2659554E+00        .3415286E-01        .1510543E-01
        .2792532E+00        .3661141E-01        .1675259E-01
        .2932158E+00        .3931647E-01        .1858931E-01
        .3078766E+00        .4230112E-01        .2063925E-01
        .3232704E+00        .4560361E-01        .2292938E-01
        .3394339E+00        .4926828E-01        .2549041E-01
        .3564056E+00        .5334654E-01        .2835737E-01
        .3742259E+00        .5789801E-01        .3157026E-01
        .3929371E+00        .6299190E-01        .3517479E-01
        .4125840E+00        .6870848E-01        .3922322E-01
        .4332132E+00        .7514085E-01        .4377529E-01
        .4548738E+00        .8239680E-01        .4889925E-01
        .4776175E+00        .9060094E-01        .5467308E-01
        .5014983E+00        .9989688E-01        .6118568E-01
        .5265732E+00        .1104495E+00        .6853820E-01
        .5529019E+00        .1224470E+00        .7684537E-01
        .5805469E+00        .1361027E+00        .8623676E-01
        .6095742E+00        .1516561E+00        .9685785E-01
        .6400529E+00        .1693724E+00        .1088707E+00
        .6720555E+00        .1895402E+00        .1224542E+00
        .7056583E+00        .2124655E+00        .1378027E+00
        .7409412E+00        .2384617E+00        .1551240E+00
        .7779882E+00        .2678325E+00        .1746343E+00
        .8168876E+00        .3008464E+00        .1965508E+00
        .8577319E+00        .3377017E+00        .2210799E+00
        .9006184E+00        .3784784E+00        .2484004E+00
        .9456493E+00        .4230809E+00        .2786407E+00
        .9929317E+00        .4711713E+00        .3118496E+00
        .1042578E+01        .5221039E+00        .3479612E+00
        .1094707E+01        .5748725E+00        .3867551E+00
        .1149442E+01        .6280884E+00        .4278171E+00
        .1206915E+01        .6800077E+00        .4705070E+00
        .1267260E+01        .7286234E+00        .5139424E+00
        .1330623E+01        .7718232E+00        .5570085E+00
        .1397154E+01        .8075955E+00        .5984042E+00
        .1467012E+01        .8342467E+00        .6367243E+00
        .1540362E+01        .8505817E+00        .6705743E+00
        .1617380E+01        .8560053E+00        .6986983E+00
        .1698249E+01        .8505270E+00        .7200975E+00
        .1783162E+01        .8346801E+00        .7341119E+00
        .1872320E+01        .8093942E+00        .7404508E+00
        .1965936E+01        .7758604E+00        .7391705E+00
        .2064232E+01        .7354205E+00        .7306127E+00
        .2167444E+01        .6894852E+00        .7153279E+00
        .2275816E+01        .6394776E+00        .6940025E+00
        .2389607E+01        .5867878E+00        .6674030E+00
        .2509087E+01        .5327335E+00        .6363381E+00
        .2634541E+01        .4785273E+00        .6016324E+00
        .2766268E+01        .4252479E+00        .5641076E+00
        .2904581E+01        .3738217E+00        .5245652E+00
        .3049810E+01        .3250122E+00        .4837722E+00
        .3202301E+01        .2794165E+00        .4424484E+00
        .3362416E+01        .2374681E+00        .4012555E+00
        .3530536E+01        .1994448E+00        .3607895E+00
        .3707063E+01        .1654813E+00        .3215747E+00
        .3892416E+01        .1355844E+00        .2840596E+00
        .4087036E+01        .1096512E+00        .2486147E+00
        .4291388E+01        .8748862E-01        .2155314E+00
        .4505957E+01        .6883347E-01        .1850230E+00
        .4731255E+01        .5337254E-01        .1572267E+00
        .4967817E+01        .4076159E-01        .1322077E+00
        .5216208E+01        .3064290E-01        .1099644E+00
        .5477018E+01        .2266053E-01        .9043548E-01
        .5750869E+01        .1647299E-01        .7350819E-01
        .6038412E+01        .1176313E-01        .5902729E-01
        .6340332E+01        .8245029E-02        .4680494E-01
        .6657348E+01        .5668047E-02        .3663067E-01
        .6990216E+01        .3818412E-02        .2828102E-01
        .7339726E+01        .2518590E-02        .2152854E-01
        .7706712E+01        .1625004E-02        .1614967E-01
        .8092047E+01        .1024586E-02        .1193133E-01
        .8496649E+01        .6306543E-03        .8676071E-02
        .8921481E+01        .3785372E-03        .6205580E-02
        .9367555E+01        .2213088E-03        .4362801E-02
        .9835932E+01        .1258723E-03        .3012669E-02
        .1032773E+02        .6955700E-04        .2041734E-02
        .1084411E+02        .3729353E-04        .1356889E-02
        .1138632E+02        .1937205E-04        .8834854E-03
        .1195563E+02        .9734111E-05        .5630559E-03
        .1255342E+02        .4723721E-05        .3508821E-03
        .1318109E+02        .2209964E-05        .2135804E-03
        .1384014E+02        .9949485E-06        .1268398E-03
        .1453215E+02        .4302133E-06        .7340366E-04
        .1525875E+02        .1782952E-06        .4134191E-04
        .1602169E+02        .7066772E-07        .2262994E-04
        .1682277E+02        .2672549E-07        .1202183E-04
        .1766391E+02        .9620472E-08        .6188585E-05
        .1854711E+02        .3287873E-08        .3082109E-05
        .1947446E+02        .1063938E-08        .1482531E-05
        .2044818E+02        .3250337E-09        .6875133E-06
        .2147059E+02        .9348906E-10        .3068023E-06
        .2254412E+02        .2517022E-10        .1314827E-06
        .2367132E+02        .6263285E-11        .5400072E-07
        .2485489E+02        .0000000E+00        .2120657E-07
        .2609763E+02        .0000000E+00        .7944969E-08
        .2740251E+02        .0000000E+00        .2829959E-08
        .2877264E+02        .0000000E+00        .9537920E-09
        .3021127E+02        .0000000E+00        .0000000E+00
        .3172183E+02        .0000000E+00        .0000000E+00
        .3330792E+02        .0000000E+00        .0000000E+00
        .3497331E+02        .0000000E+00        .0000000E+00
        .3672198E+02        .0000000E+00        .0000000E+00
        .3855808E+02        .0000000E+00        .0000000E+00
        .4048598E+02        .0000000E+00        .0000000E+00
        .4251027E+02        .0000000E+00        .0000000E+00
        .4463579E+02        .0000000E+00        .0000000E+00
        .4686757E+02        .0000000E+00        .0000000E+00
        .4921095E+02        .0000000E+00        .0000000E+00
        .5167149E+02        .0000000E+00        .0000000E+00
        .5425507E+02        .0000000E+00        .0000000E+00
        .5696782E+02        .0000000E+00        .0000000E+00
        .5981621E+02        .0000000E+00        .0000000E+00
        .6280701E+02        .0000000E+00        .0000000E+00
        .6594736E+02        .0000000E+00        .0000000E+00
        .6924473E+02        .0000000E+00        .0000000E+00
        .7270696E+02        .0000000E+00        .0000000E+00
        .7634230E+02        .0000000E+00        .0000000E+00
        .8015941E+02        .0000000E+00        .0000000E+00
        .8416738E+02        .0000000E+00        .0000000E+00
        .8837575E+02        .0000000E+00        .0000000E+00
        .9279453E+02        .0000000E+00        .0000000E+00
        .9743425E+02        .0000000E+00        .0000000E+00
        .1023060E+03        .0000000E+00        .0000000E+00
        .1074213E+03        .0000000E+00        .0000000E+00
        .1127923E+03        .0000000E+00        .0000000E+00
        .1184319E+03        .0000000E+00        .0000000E+00
        .1243535E+03        .0000000E+00        .0000000E+00
        .1305712E+03        .0000000E+00        .0000000E+00
        .1370997E+03        .0000000E+00        .0000000E+00
&END
